miRNA	Calu3_smallRNA-S1-4h-A	Calu3_smallRNA-S1-4h-B	Calu3_smallRNA-S1-12h-A	Calu3_smallRNA-S1-12h-B	Calu3_smallRNA-S1-24h-A	Calu3_smallRNA-S1-24h-B	Calu3_smallRNA-S2-4h-A	Calu3_smallRNA-S2-4h-B	Calu3_smallRNA-S2-12h-A	Calu3_smallRNA-S2-12h-B	Calu3_smallRNA-S2-24h-A	Calu3_smallRNA-S2-24h-B	Calu3_smallRNA-mock-4h-A	Calu3_smallRNA-mock-4h-B	Calu3_smallRNA-mock-24h-A	Calu3_smallRNA-mock-24h-B	Calu3_smallRNA-untr-4h-A	Calu3_smallRNA-untr-4h-B
hsa-let-7a-2-3p	0	0	0	0	1	0	0	0	0	0	1	0	0	0	0	0	0	0
hsa-let-7a-3p	2137	2127	1430	2485	1435	506	891	910	513	1068	698	452	3238	4095	1747	1513	3522	3647
hsa-let-7a-5p	411685	515159	264845	582932	287233	158958	298593	458702	210184	257204	296425	244672	477032	583945	189885	187039	557845	343437
hsa-let-7b-3p	1027	1215	604	1082	622	339	641	857	332	514	468	318	894	1223	470	556	1027	720
hsa-let-7b-5p	85768	101469	52314	116193	50584	33535	64098	100542	47981	48945	60701	48899	93842	109143	35997	34994	108622	59768
hsa-let-7c-3p	0	0	2	1	0	0	0	0	0	0	0	0	1	0	0	0	0	0
hsa-let-7c-5p	1857	2396	1296	2472	1413	1163	1328	2001	929	986	1503	1385	2099	2464	882	1365	2330	1490
hsa-let-7d-3p	4439	5122	2649	5266	2792	1547	2875	4331	2009	2497	3190	2500	4251	4942	1955	2123	4979	2903
hsa-let-7d-5p	4749	6871	3122	7815	3747	2326	3753	6473	4043	3045	4052	4042	7294	6539	2129	2343	7009	4305
hsa-let-7e-3p	47	69	31	61	35	12	24	60	23	24	26	12	130	65	28	22	81	66
hsa-let-7e-5p	24459	27567	15288	33831	13018	10022	17819	26294	11930	14716	14727	12523	27964	35832	11890	11262	30186	18899
hsa-let-7f-1-3p	402	481	278	433	309	121	204	201	112	208	185	114	320	596	232	248	423	364
hsa-let-7f-2-3p	10	16	15	31	6	6	8	20	9	13	10	6	63	24	14	2	25	37
hsa-let-7f-5p	154498	189901	103918	217196	113179	55859	97009	144319	68965	93283	103529	84226	170871	224373	75539	72202	200993	143171
hsa-let-7g-3p	37	45	30	46	22	11	24	70	29	24	28	19	59	29	12	27	55	29
hsa-let-7g-5p	11458	15091	7701	17959	8433	4642	7678	12996	6624	7024	8446	7960	28775	18253	5315	5191	16793	16754
hsa-let-7i-3p	210	372	140	432	155	90	237	433	193	138	210	193	444	305	79	120	367	203
hsa-let-7i-5p	6173	9430	4199	10832	4883	2629	4677	8652	5053	3714	4781	5069	12675	8796	2170	2355	8646	5986
hsa-miR-1-3p	4	0	2	2	0	0	2	0	0	0	4	2	4	12	0	0	0	0
hsa-miR-100-3p	0	0	0	0	1	1	0	0	0	0	0	1	0	0	0	0	0	0
hsa-miR-100-5p	2	1	3	6	2	1	0	5	1	2	8	4	13	1	0	0	3	3
hsa-miR-101-2-5p	0	3	1	0	3	0	2	3	4	3	0	0	7	4	0	1	5	4
hsa-miR-101-3p	141	189	110	267	168	84	67	144	107	74	139	118	878	237	96	104	185	248
hsa-miR-101-5p	1	1	0	2	0	0	0	0	1	1	2	0	4	0	1	0	0	0
hsa-miR-10394-3p	0	0	0	0	0	0	0	0	1	0	0	2	2	1	0	2	1	0
hsa-miR-10395-3p	38	50	30	47	23	20	22	40	16	21	37	24	52	40	31	24	53	37
hsa-miR-10396a-3p	0	0	0	0	1	0	0	0	0	0	0	0	1	0	0	0	0	0
hsa-miR-10396a-5p	2	0	0	0	1	3	0	0	0	2	0	2	0	0	0	4	0	0
hsa-miR-10396b-3p	0	0	0	0	3	0	0	0	0	0	0	0	1	0	0	1	1	0
hsa-miR-10396b-5p	1	0	0	0	1	3	0	0	0	2	0	1	0	0	0	3	0	0
hsa-miR-10398-5p	0	1	0	0	0	0	0	0	0	0	0	0	0	0	0	0	0	0
hsa-miR-10399-3p	2	1	2	1	2	0	0	0	0	3	2	3	3	1	0	1	0	0
hsa-miR-10399-5p	3	3	3	5	4	2	2	2	3	5	5	1	3	2	7	7	3	8
hsa-miR-103a-1-5p	3	3	1	3	1	1	2	4	4	0	3	3	3	1	0	1	5	6
hsa-miR-103a-2-5p	3	12	3	9	7	1	3	7	6	2	11	3	19	7	1	1	12	7
hsa-miR-103a-3p	879	1900	816	2183	1119	610	843	1749	1315	735	1163	1057	1978	1376	410	448	2104	1196
hsa-miR-10400-5p	0	0	0	0	0	2	0	0	0	0	0	0	0	0	0	0	0	0
hsa-miR-10401-3p	0	1	0	1	0	0	0	0	2	0	0	1	1	0	0	0	0	0
hsa-miR-10523-5p	0	0	0	0	0	0	0	0	0	1	1	0	1	0	0	0	0	1
hsa-miR-10524-5p	18	13	6	17	12	8	8	5	6	5	4	6	15	18	5	12	19	15
hsa-miR-10527-5p	0	4	1	0	0	0	0	4	0	0	1	2	2	0	2	0	2	0
hsa-miR-106a-3p	0	2	0	5	1	3	0	1	1	0	0	0	8	2	0	2	0	4
hsa-miR-106a-5p	50	101	55	91	54	28	32	65	61	38	60	49	119	78	24	29	116	71
hsa-miR-106b-3p	359	470	267	566	274	190	242	437	250	194	305	265	478	421	197	265	510	402
hsa-miR-106b-5p	15	36	20	31	32	11	8	28	21	12	20	19	84	27	16	16	31	24
hsa-miR-107	125	231	121	261	185	97	122	212	204	102	170	145	241	162	41	67	277	176
hsa-miR-10a-3p	139	186	111	171	92	86	74	149	66	69	96	86	222	220	79	128	187	142
hsa-miR-10a-5p	3367	3621	2131	3751	2042	798	1300	1559	1089	1565	1663	972	3936	5119	2199	1645	4665	4007
hsa-miR-10b-5p	3	9	3	5	3	1	4	1	1	0	1	0	0	1	1	0	2	2
hsa-miR-1178-3p	0	0	0	1	0	0	0	0	0	0	0	0	0	0	0	0	0	0
hsa-miR-1179	0	1	0	2	0	0	0	0	0	0	0	0	2	0	0	0	0	2
hsa-miR-1180-3p	2	5	4	5	1	1	1	2	2	1	1	2	6	2	1	2	10	1
hsa-miR-1180-5p	2	7	4	10	0	1	8	7	2	2	1	5	10	6	4	5	9	5
hsa-miR-1185-1-3p	1	4	2	3	1	1	2	3	1	1	0	2	4	1	2	0	3	0
hsa-miR-1185-2-3p	1	1	2	1	0	0	2	1	0	0	0	0	5	1	0	1	1	0
hsa-miR-1185-5p	0	2	0	0	2	0	0	0	2	0	0	0	0	0	0	0	0	2
hsa-miR-1197	0	0	1	1	0	0	0	0	0	0	0	0	0	0	1	0	1	0
hsa-miR-1207-5p	0	0	1	0	0	0	0	0	0	0	0	0	0	0	0	0	0	0
hsa-miR-12114	1	1	0	3	0	1	0	0	0	1	0	1	4	1	1	0	1	2
hsa-miR-12116	0	1	0	0	0	0	0	0	0	0	0	0	0	0	0	0	0	0
hsa-miR-12117	0	0	0	0	0	0	0	1	0	0	0	0	0	0	0	0	0	0
hsa-miR-12125	6	10	2	9	6	4	2	4	1	7	9	9	12	15	3	4	8	7
hsa-miR-12132	0	0	0	0	2	0	0	0	0	0	0	0	0	0	0	0	0	0
hsa-miR-12133	0	0	0	0	0	0	0	0	0	0	1	0	0	0	0	0	0	1
hsa-miR-12136	85	141	59	121	143	116	71	114	73	56	257	244	175	165	45	81	147	115
hsa-miR-122-3p	0	6	1	4	0	1	0	6	0	2	3	0	2	5	0	0	1	1
hsa-miR-122-5p	45	57	16	57	26	7	18	27	9	14	16	21	35	58	12	22	51	28
hsa-miR-1224-3p	1	4	3	3	4	2	3	1	1	1	2	0	2	5	0	1	3	1
hsa-miR-1224-5p	6	5	1	1	5	2	3	3	2	1	1	2	1	7	1	2	3	3
hsa-miR-1225-3p	1	0	0	0	0	0	0	0	0	1	0	1	1	0	0	0	0	2
hsa-miR-1226-3p	280	319	178	359	192	123	203	254	177	142	246	209	429	347	165	226	393	280
hsa-miR-1226-5p	13	7	6	15	5	4	5	10	3	2	3	4	12	11	1	4	7	9
hsa-miR-1227-3p	67	73	38	57	27	39	29	39	25	32	47	35	45	49	27	52	42	40
hsa-miR-1228-3p	8	11	2	6	4	3	5	7	8	5	4	5	11	8	3	12	14	3
hsa-miR-1228-5p	1	7	4	4	2	1	3	5	1	1	5	1	3	5	2	1	5	3
hsa-miR-1229-3p	810	854	522	962	553	418	525	719	352	469	653	594	777	842	377	433	920	484
hsa-miR-1229-5p	6	6	0	11	1	3	2	4	4	2	5	3	3	4	3	0	1	4
hsa-miR-122b-3p	0	0	0	0	0	0	0	0	0	0	0	0	0	0	0	0	0	1
hsa-miR-1231	0	0	0	0	0	0	0	0	0	0	0	0	1	0	0	0	0	0
hsa-miR-1233-3p	0	0	0	0	2	0	0	0	0	0	0	0	0	0	0	0	0	0
hsa-miR-1233-5p	0	2	0	0	0	0	0	0	0	0	0	0	0	0	0	0	0	0
hsa-miR-1234-3p	1	4	0	2	0	0	1	1	5	1	2	0	0	2	0	1	4	0
hsa-miR-1236-3p	6	6	7	15	5	10	3	13	3	7	7	9	4	11	5	10	13	7
hsa-miR-1236-5p	10	12	11	12	7	8	11	7	5	6	12	12	18	6	6	1	17	5
hsa-miR-1237-3p	3	9	5	5	3	2	3	2	4	0	8	1	1	3	2	1	8	3
hsa-miR-1237-5p	0	1	1	3	0	2	0	6	3	0	1	1	1	1	0	2	0	1
hsa-miR-124-3p	3	0	0	0	0	3	0	0	0	0	0	0	0	0	0	0	0	0
hsa-miR-1246	15	21	30	36	25	30	16	24	7	12	21	33	10	11	7	24	22	15
hsa-miR-1247-3p	23	37	14	18	12	6	18	22	8	4	12	5	28	24	1	4	28	16
hsa-miR-1247-5p	262	339	206	374	182	145	171	318	201	148	220	194	349	280	103	137	486	220
hsa-miR-1248	4	5	8	19	13	1	3	6	6	7	10	6	9	10	1	2	8	3
hsa-miR-1249-3p	21	7	6	16	9	5	9	17	4	4	5	2	17	17	10	7	34	11
hsa-miR-1249-5p	2	2	1	3	0	0	0	4	0	0	1	1	3	3	2	0	0	0
hsa-miR-1252-3p	0	0	0	0	0	0	0	0	0	0	0	0	2	0	0	0	0	0
hsa-miR-1255a	1	0	1	0	1	0	0	1	0	0	0	0	1	0	0	0	1	0
hsa-miR-1255b-5p	0	0	0	0	0	0	0	0	0	0	0	0	2	0	0	0	0	0
hsa-miR-1256	0	0	0	1	0	0	0	1	0	0	0	0	1	0	1	0	1	0
hsa-miR-1257	2	1	0	1	0	0	0	1	1	0	0	3	2	1	1	0	1	0
hsa-miR-1258	0	1	0	0	0	0	0	0	0	0	0	0	0	0	0	0	0	0
hsa-miR-125a-3p	122	182	69	190	91	78	82	158	95	66	100	78	160	145	53	81	180	115
hsa-miR-125a-5p	17950	20709	10556	25139	11171	4737	10309	17396	9914	9342	12204	9235	32629	26798	9713	7211	26187	21441
hsa-miR-125b-1-3p	0	0	0	2	0	0	0	0	0	0	0	0	0	0	0	0	0	0
hsa-miR-125b-2-3p	0	0	0	1	0	0	2	0	0	0	0	0	0	0	0	0	0	0
hsa-miR-125b-5p	54	91	53	105	50	38	34	76	55	32	73	86	112	86	20	30	110	58
hsa-miR-126-3p	5	3	1	11	1	4	2	3	4	1	3	0	10	8	4	3	12	7
hsa-miR-126-5p	58	68	42	70	50	18	18	27	14	13	25	11	68	97	24	38	99	62
hsa-miR-1260a	3	4	4	3	6	4	2	2	2	1	4	8	1	3	2	1	3	1
hsa-miR-1260b	20	17	14	23	18	23	14	13	7	8	24	18	12	27	12	16	29	12
hsa-miR-1262	11	9	3	7	3	4	6	7	3	3	5	7	15	7	4	4	6	5
hsa-miR-1266-3p	0	1	0	0	0	0	0	0	1	2	0	0	0	0	1	0	0	0
hsa-miR-1266-5p	2	0	2	3	0	0	0	2	0	0	1	0	1	4	0	0	1	0
hsa-miR-1267	0	0	1	3	0	0	0	1	4	1	0	1	1	2	0	0	2	0
hsa-miR-1268a	5	4	2	6	4	4	11	5	1	0	2	3	4	3	6	3	2	0
hsa-miR-1268b	3	2	1	4	2	2	6	3	1	0	2	2	2	2	3	3	2	0
hsa-miR-127-3p	0	0	0	0	0	0	0	0	1	0	0	0	0	0	0	0	0	0
hsa-miR-1270	17	12	4	18	6	4	9	18	10	7	9	12	30	13	10	7	7	11
hsa-miR-1271-5p	8	14	5	18	9	7	11	19	7	3	6	9	20	11	3	4	13	15
hsa-miR-1273c	0	0	0	0	0	0	0	2	0	1	0	1	0	1	0	0	0	0
hsa-miR-1275	53	49	47	61	23	37	46	71	34	16	24	23	68	53	30	46	54	29
hsa-miR-1276	2	1	0	0	0	0	0	2	0	0	0	0	4	1	3	0	0	1
hsa-miR-1277-3p	4	2	0	2	0	0	0	0	0	0	0	0	2	5	0	0	1	0
hsa-miR-1277-5p	0	2	0	0	0	0	0	0	0	0	0	0	0	0	0	0	0	0
hsa-miR-1278	0	3	0	1	0	0	0	1	1	0	0	0	1	2	0	0	3	2
hsa-miR-128-1-5p	0	6	4	4	4	1	3	1	1	2	0	6	5	5	0	5	9	7
hsa-miR-128-3p	617	782	440	896	455	300	415	625	316	357	446	471	1621	919	375	479	882	812
hsa-miR-1281	0	0	0	0	0	0	0	0	1	0	0	0	0	0	0	0	0	0
hsa-miR-1283	2	0	0	0	0	0	0	0	0	0	0	0	0	0	0	0	0	0
hsa-miR-1284	0	0	2	0	1	0	0	0	0	1	0	0	2	0	0	1	1	1
hsa-miR-1285-3p	0	0	0	0	0	0	0	0	0	0	0	0	0	0	0	0	2	1
hsa-miR-1285-5p	1	0	0	1	0	0	1	1	0	0	0	0	0	0	0	0	1	1
hsa-miR-1286	0	0	0	0	0	0	1	0	0	1	0	0	0	0	0	0	0	0
hsa-miR-1287-3p	0	0	1	2	0	0	1	0	1	0	1	0	0	2	0	1	1	1
hsa-miR-1287-5p	1	7	1	8	1	1	2	1	3	1	2	3	3	3	0	1	4	4
hsa-miR-1288-3p	0	0	0	0	0	0	2	0	0	0	0	0	0	0	0	0	0	0
hsa-miR-129-1-3p	0	1	0	0	0	0	0	0	0	0	0	3	1	0	0	0	0	1
hsa-miR-129-2-3p	0	0	1	0	0	0	1	0	0	1	0	1	4	0	0	0	0	0
hsa-miR-129-5p	4	8	2	6	4	6	6	6	6	0	2	0	12	6	2	0	8	4
hsa-miR-1290	5	4	2	7	3	3	4	6	1	1	9	7	3	3	1	4	1	1
hsa-miR-1291	1	1	0	1	0	0	0	1	1	0	0	1	4	1	0	0	0	2
hsa-miR-1292-3p	4	5	4	6	1	1	1	3	2	1	1	0	8	3	0	0	5	5
hsa-miR-1292-5p	9	7	9	12	5	2	4	17	5	5	13	4	7	13	6	3	18	11
hsa-miR-1293	1	1	0	0	1	0	0	0	0	0	0	0	0	0	0	0	0	0
hsa-miR-1294	0	3	3	3	4	1	0	3	1	2	0	1	2	3	0	2	2	2
hsa-miR-1296-3p	2	4	1	5	6	0	0	2	1	2	12	13	7	1	3	4	2	0
hsa-miR-1296-5p	51	60	39	62	29	31	36	69	35	32	27	20	58	57	34	38	67	35
hsa-miR-1301-3p	13	25	8	15	12	2	13	16	11	8	4	7	25	16	7	5	24	13
hsa-miR-1301-5p	0	0	0	0	0	0	0	0	0	0	0	0	0	0	0	1	0	0
hsa-miR-1303	0	1	0	0	0	0	0	0	0	0	0	1	0	0	1	0	0	0
hsa-miR-1304-3p	1	5	0	4	0	0	0	2	0	0	3	0	2	5	0	1	5	3
hsa-miR-1304-5p	0	0	0	1	0	0	0	0	0	0	0	0	0	0	0	0	0	0
hsa-miR-1305	0	0	0	0	0	0	0	0	0	0	0	0	0	0	0	0	1	0
hsa-miR-1306-3p	4	3	2	4	2	2	3	3	1	2	2	6	5	8	4	4	8	4
hsa-miR-1306-5p	132	162	89	168	115	70	70	126	57	84	125	99	143	176	83	76	155	156
hsa-miR-1307-3p	402	562	273	637	334	223	310	614	368	210	353	334	564	438	186	275	642	430
hsa-miR-1307-5p	2	3	5	4	4	1	3	3	3	3	3	1	7	6	3	3	5	4
hsa-miR-130a-3p	182	481	148	415	264	142	150	468	340	124	219	299	500	262	80	135	419	342
hsa-miR-130a-5p	1	1	1	1	1	0	0	1	0	0	0	1	0	2	0	1	0	0
hsa-miR-130b-3p	725	1167	542	1186	757	438	623	1067	542	435	677	714	1120	1069	354	461	1228	888
hsa-miR-130b-5p	948	1072	628	1217	651	357	643	741	376	506	732	458	680	1059	434	533	915	536
hsa-miR-132-3p	25	33	22	47	31	9	17	17	10	12	16	11	52	49	18	11	43	35
hsa-miR-132-5p	1	0	0	0	3	0	0	1	1	0	1	3	1	3	0	1	0	0
hsa-miR-1323	0	0	0	0	0	0	0	0	0	0	0	0	0	1	0	0	0	0
hsa-miR-134-3p	0	0	1	1	0	0	0	0	0	0	0	0	0	1	0	0	0	0
hsa-miR-134-5p	28	41	12	29	27	8	19	20	18	8	29	13	49	28	10	11	35	39
hsa-miR-1343-3p	23	31	23	28	13	8	13	32	14	19	14	12	30	24	10	15	34	14
hsa-miR-1343-5p	3	8	2	8	5	6	1	1	1	0	3	1	10	11	4	3	4	6
hsa-miR-135a-5p	18	24	12	12	4	2	4	0	6	4	4	2	38	26	6	10	38	14
hsa-miR-135b-3p	17	10	7	22	6	5	5	9	4	2	3	2	71	15	8	7	20	30
hsa-miR-135b-5p	478	474	342	528	379	98	184	199	169	193	206	139	4402	1008	386	282	1367	2215
hsa-miR-136-5p	0	1	0	0	0	0	0	0	0	0	0	0	1	0	0	0	0	0
hsa-miR-137-3p	7	8	4	5	3	0	1	4	1	2	3	2	36	8	2	5	13	11
hsa-miR-137-5p	0	0	0	1	2	0	1	0	1	0	1	1	0	2	0	0	0	1
hsa-miR-138-1-3p	3	8	6	7	4	3	3	1	4	4	2	2	5	6	2	2	11	10
hsa-miR-138-2-3p	1	1	0	0	0	1	0	0	0	0	0	0	0	0	0	0	0	0
hsa-miR-138-5p	38	74	19	76	39	6	27	65	48	30	26	62	110	40	12	25	81	50
hsa-miR-139-3p	0	0	1	1	3	0	1	1	1	2	1	1	2	2	1	0	0	1
hsa-miR-139-5p	11	22	9	26	12	5	17	26	12	8	18	11	38	23	5	2	35	19
hsa-miR-140-3p	50	61	35	97	69	14	39	68	51	36	38	53	89	64	21	30	101	65
hsa-miR-140-5p	29	26	15	40	21	15	14	19	14	10	12	15	98	25	17	12	25	34
hsa-miR-141-3p	276	451	179	541	255	111	198	457	288	147	216	262	2396	455	142	145	644	874
hsa-miR-141-5p	15	15	10	21	21	7	18	22	8	8	12	6	39	24	4	13	18	11
hsa-miR-142-3p	0	0	0	0	0	0	0	0	0	0	0	0	0	0	0	0	0	1
hsa-miR-142-5p	0	0	1	0	0	0	0	0	0	1	0	0	0	2	0	0	0	0
hsa-miR-143-3p	3	5	2	1	2	1	3	1	0	2	0	1	3	2	1	0	3	2
hsa-miR-144-5p	1	1	0	1	0	0	0	0	0	1	0	1	0	0	0	0	0	0
hsa-miR-145-3p	0	0	0	0	0	0	0	0	0	0	0	0	0	0	0	1	0	1
hsa-miR-145-5p	0	3	0	0	0	0	0	2	0	0	0	0	2	2	1	0	1	1
hsa-miR-1468-5p	8	2	3	8	2	3	2	3	2	4	1	1	10	5	3	2	7	2
hsa-miR-1469	0	0	1	0	0	0	0	0	0	0	2	0	0	0	1	0	0	0
hsa-miR-146a-3p	0	0	2	1	0	0	0	0	0	0	0	1	0	0	0	0	0	0
hsa-miR-146a-5p	551	623	468	1064	727	329	372	516	300	332	493	420	1270	898	262	253	758	778
hsa-miR-146b-3p	0	0	0	0	2	0	1	1	0	0	0	0	0	0	0	0	2	0
hsa-miR-146b-5p	279	309	216	480	270	107	193	295	155	188	240	161	696	486	167	116	482	453
hsa-miR-147b-3p	1	1	5	2	6	4	0	4	2	1	3	4	18	3	1	1	3	6
hsa-miR-147b-5p	0	3	0	1	1	0	0	1	1	1	0	1	1	0	0	0	0	1
hsa-miR-148a-3p	19	26	14	21	10	5	7	17	8	6	17	7	165	32	8	10	62	59
hsa-miR-148a-5p	0	1	0	2	0	0	0	0	0	0	1	0	0	0	0	1	0	0
hsa-miR-148b-3p	131	161	76	197	84	50	80	148	103	75	90	53	460	151	54	58	218	128
hsa-miR-148b-5p	4	8	4	11	4	2	1	6	4	1	1	5	12	6	3	5	8	4
hsa-miR-149-3p	9	13	7	14	1	2	8	6	1	4	0	2	7	7	4	3	6	11
hsa-miR-149-5p	120	145	95	173	67	47	72	148	89	57	73	52	292	108	55	78	194	128
hsa-miR-150-5p	1	2	1	2	3	1	0	1	1	0	1	3	4	2	0	1	6	1
hsa-miR-151a-3p	6734	7981	5783	8369	5896	2613	3181	3453	2304	4067	4682	2522	8060	10107	4880	5751	9953	8336
hsa-miR-151a-5p	29	53	29	50	31	9	35	49	27	14	34	19	112	51	14	13	74	44
hsa-miR-151b	27	50	25	50	30	10	32	46	25	13	31	18	100	46	15	17	66	41
hsa-miR-152-3p	7	8	4	7	4	4	3	7	0	4	4	6	9	11	3	2	7	5
hsa-miR-152-5p	0	0	0	0	0	0	0	0	0	0	0	0	0	1	0	0	2	0
hsa-miR-153-3p	4	2	0	8	4	0	0	2	2	2	4	0	12	6	0	2	4	14
hsa-miR-1538	2	1	1	0	1	0	3	0	0	0	0	0	5	0	1	0	1	3
hsa-miR-1539	0	0	0	0	0	0	0	0	0	0	1	0	0	0	0	0	0	0
hsa-miR-154-3p	0	3	0	3	2	3	0	2	0	0	0	1	4	2	0	0	6	1
hsa-miR-154-5p	3	18	3	2	5	1	2	8	3	3	2	3	4	2	0	4	8	4
hsa-miR-155-3p	41	39	253	418	481	174	14	21	134	292	280	131	30	69	14	19	57	41
hsa-miR-155-5p	32	34	16	45	44	25	13	29	32	26	82	56	47	38	19	15	46	39
hsa-miR-15a-3p	8	19	9	30	12	2	9	24	14	9	9	13	18	17	7	11	25	17
hsa-miR-15a-5p	22	27	16	37	18	7	11	20	9	15	18	11	61	18	8	11	40	34
hsa-miR-15b-3p	1058	1179	819	1510	916	434	517	737	447	555	716	475	2682	1726	786	875	1661	1989
hsa-miR-15b-5p	1486	2261	1085	2439	1208	600	763	1291	808	578	921	745	4728	2460	1118	1189	4784	3107
hsa-miR-16-1-3p	0	1	1	1	1	0	0	1	0	0	0	0	2	1	2	1	1	0
hsa-miR-16-2-3p	537	564	452	698	559	284	248	369	209	250	344	281	840	925	428	526	821	891
hsa-miR-16-5p	3206	3449	2116	4666	2447	969	1378	2081	1580	1397	1876	1439	16336	5116	2217	1501	7094	7980
hsa-miR-17-3p	23	60	30	70	31	26	31	53	32	30	46	34	62	45	19	11	65	40
hsa-miR-17-5p	488	916	443	1071	494	223	352	638	578	366	520	465	1366	732	207	214	907	646
hsa-miR-181a-2-3p	22	27	12	24	11	5	5	21	11	15	14	8	68	30	11	11	42	27
hsa-miR-181a-3p	7	16	7	8	6	4	2	12	4	3	4	7	10	10	2	3	11	10
hsa-miR-181a-5p	2138	2936	1288	3494	1232	726	1712	3329	1892	1248	1754	1374	3862	2844	921	830	3670	2122
hsa-miR-181b-2-3p	19	20	14	21	11	7	4	5	2	6	9	10	39	19	11	16	23	22
hsa-miR-181b-3p	23	22	19	29	24	15	9	23	7	13	7	8	92	35	14	20	34	69
hsa-miR-181b-5p	953	1280	682	1629	1039	435	596	1180	970	480	787	733	2207	1234	433	452	1451	1136
hsa-miR-181c-3p	2	2	0	1	1	0	0	0	3	1	5	2	1	2	0	1	2	4
hsa-miR-181c-5p	41	51	28	78	28	15	36	54	33	22	43	29	70	58	16	9	68	46
hsa-miR-181d-3p	2	0	0	4	1	2	0	3	1	0	1	0	1	0	0	0	0	0
hsa-miR-181d-5p	16	21	12	26	15	6	3	19	12	9	12	12	24	20	4	5	30	16
hsa-miR-182-3p	3	3	2	7	2	2	3	5	4	5	3	1	7	5	3	6	4	3
hsa-miR-182-5p	274	272	120	387	180	86	191	318	153	118	222	194	456	372	119	63	362	241
hsa-miR-1827	0	0	0	0	0	0	0	0	0	0	0	1	0	1	0	0	1	0
hsa-miR-183-3p	14	17	8	10	11	5	8	14	7	5	9	6	41	16	4	14	17	21
hsa-miR-183-5p	4862	5457	2916	6293	2987	1239	2628	3833	1968	2839	3161	2142	4319	6276	2282	1890	5331	3508
hsa-miR-184	2	3	3	5	1	3	1	4	1	2	0	3	2	6	3	3	5	1
hsa-miR-1843	3	5	7	2	3	1	5	4	3	3	4	6	10	8	0	0	9	6
hsa-miR-185-3p	14	10	12	16	7	7	11	13	9	8	10	13	9	12	7	6	18	9
hsa-miR-185-5p	274	462	249	484	295	210	211	344	232	196	235	264	471	445	159	228	488	330
hsa-miR-186-3p	1	1	0	1	0	0	0	2	0	0	0	0	0	0	0	1	0	0
hsa-miR-186-5p	294	417	194	501	302	107	192	383	265	196	256	247	2366	495	159	151	580	774
hsa-miR-187-3p	1	3	3	1	1	0	0	2	1	2	0	0	4	1	1	0	1	3
hsa-miR-188-3p	7	13	3	11	15	5	2	8	4	3	10	6	11	5	3	1	12	4
hsa-miR-188-5p	25	45	30	62	39	18	21	47	17	27	25	35	66	47	13	29	42	41
hsa-miR-18a-3p	50	49	24	75	54	27	31	63	33	30	48	37	108	65	37	34	89	73
hsa-miR-18a-5p	17	38	9	38	22	10	5	13	20	6	9	13	208	15	2	4	52	41
hsa-miR-18b-3p	0	2	0	2	1	0	1	2	3	0	2	1	3	2	1	0	1	1
hsa-miR-18b-5p	1	5	1	3	4	2	1	0	4	1	3	3	28	1	2	0	4	2
hsa-miR-1908-3p	4	3	3	1	1	2	1	4	1	2	0	0	2	2	3	9	3	3
hsa-miR-1908-5p	98	138	70	141	71	55	75	148	79	71	55	74	167	117	54	85	150	98
hsa-miR-1909-3p	0	2	0	1	0	0	0	0	1	0	0	0	0	1	1	0	2	0
hsa-miR-1909-5p	0	0	0	0	1	0	0	0	0	0	1	1	1	1	0	0	1	0
hsa-miR-190a-3p	2	2	3	0	1	0	0	0	0	0	1	0	7	4	0	1	2	5
hsa-miR-190a-5p	6	3	4	12	3	1	1	8	1	4	5	2	20	17	6	3	3	15
hsa-miR-190b-3p	0	0	0	1	0	0	0	0	0	0	0	0	1	0	0	0	0	0
hsa-miR-190b-5p	10	10	4	17	5	4	6	10	3	9	1	3	13	12	7	1	5	17
hsa-miR-191-3p	11	11	3	19	4	0	10	9	1	3	3	1	8	9	4	4	17	8
hsa-miR-191-5p	6386	8543	4295	9979	4181	2243	4579	7665	4213	4026	5071	4321	12646	9298	2910	2559	9720	6930
hsa-miR-1910-3p	0	1	3	2	1	0	0	0	0	0	1	1	1	1	0	0	0	1
hsa-miR-1910-5p	8	5	2	8	1	2	5	7	4	1	3	2	7	10	5	1	3	5
hsa-miR-1911-5p	0	0	0	0	0	0	0	0	0	0	1	0	0	0	0	0	0	0
hsa-miR-1913	2	1	0	2	0	2	0	1	1	0	1	1	2	2	4	0	1	2
hsa-miR-1914-3p	1	1	3	2	1	2	1	1	3	2	0	3	5	3	3	1	4	1
hsa-miR-1914-5p	5	12	2	13	4	4	6	12	4	1	6	3	9	5	6	9	9	4
hsa-miR-1915-3p	1	3	1	6	1	1	5	5	3	1	1	3	1	2	0	1	2	2
hsa-miR-1915-5p	0	2	1	0	0	0	0	1	0	1	0	1	0	1	0	0	1	1
hsa-miR-192-3p	5	10	9	15	5	2	2	14	3	1	18	11	18	4	4	5	17	2
hsa-miR-192-5p	404	608	366	659	383	182	296	419	281	265	334	269	1981	667	264	296	795	894
hsa-miR-193a-3p	30	32	16	46	15	9	9	34	23	15	22	14	29	30	4	15	39	13
hsa-miR-193a-5p	207	296	150	248	131	94	161	242	130	100	177	156	371	294	100	158	329	198
hsa-miR-193b-3p	159	214	97	228	97	40	131	244	136	83	131	96	218	180	77	71	238	105
hsa-miR-193b-5p	104	155	80	149	65	54	94	136	38	62	66	61	147	171	65	84	222	113
hsa-miR-194-3p	32	40	17	35	13	10	17	33	10	12	27	10	24	38	9	14	39	33
hsa-miR-194-5p	785	884	665	1142	622	275	322	492	332	373	365	328	4356	1323	675	584	1574	2232
hsa-miR-195-3p	1	0	1	3	2	1	0	0	0	0	1	0	8	1	1	0	2	2
hsa-miR-195-5p	4	11	3	3	6	3	1	2	3	0	1	0	15	3	2	1	7	14
hsa-miR-196a-1-3p	72	76	45	83	52	35	36	32	16	50	43	32	79	86	37	65	115	78
hsa-miR-196a-5p	4047	5154	3033	6220	3730	2102	2538	4063	2316	2833	3862	3065	5395	6263	2402	2449	5682	4465
hsa-miR-196b-3p	3	5	7	4	2	4	2	5	5	1	1	2	10	5	3	2	7	4
hsa-miR-196b-5p	371	470	291	636	317	177	253	407	260	254	259	261	1010	654	216	216	608	682
hsa-miR-197-3p	175	181	104	202	136	70	111	150	78	77	123	81	118	182	79	78	241	71
hsa-miR-197-5p	17	14	6	9	8	5	8	10	8	6	14	7	12	13	9	1	16	5
hsa-miR-1973	0	3	1	3	0	2	1	0	3	1	4	4	0	0	1	2	3	0
hsa-miR-1976	0	2	2	0	0	1	0	4	1	0	2	0	1	1	1	1	2	0
hsa-miR-199a-3p	9	6	6	6	3	6	6	6	3	0	12	0	27	6	9	3	3	3
hsa-miR-199a-5p	0	0	0	4	0	2	0	2	0	0	0	2	2	0	0	8	0	0
hsa-miR-199b-3p	9	6	6	6	3	6	6	6	3	0	12	0	27	6	9	3	3	3
hsa-miR-19a-3p	66	90	47	122	50	17	35	42	34	46	38	36	2432	90	43	30	160	364
hsa-miR-19b-1-5p	0	2	1	3	1	0	3	1	1	1	0	2	10	1	0	0	4	0
hsa-miR-19b-2-5p	0	1	0	0	0	0	0	0	0	0	0	0	2	0	0	0	0	0
hsa-miR-19b-3p	737	1092	588	1176	618	236	385	730	582	487	604	518	11715	1124	351	412	1414	1982
hsa-miR-200a-3p	322	450	240	558	302	154	198	359	220	177	302	293	1528	495	185	171	605	589
hsa-miR-200a-5p	119	146	82	170	116	81	70	123	66	58	83	55	610	173	71	72	239	352
hsa-miR-200b-3p	3967	4492	2759	5328	2835	1025	1619	2092	1500	1840	2231	1481	10303	6657	2558	2054	7354	8241
hsa-miR-200b-5p	1114	1397	835	1520	830	561	737	1151	554	621	808	701	1778	1500	594	721	1763	1227
hsa-miR-200c-3p	15737	18221	10592	19797	9939	4219	7093	10080	7002	7670	9712	6394	22849	23006	8928	7349	24677	21370
hsa-miR-200c-5p	34	37	16	35	16	2	17	27	9	12	19	18	140	45	18	11	60	59
hsa-miR-202-5p	3	7	4	3	3	2	2	0	1	0	0	1	0	3	1	1	5	1
hsa-miR-203a-3p	43	50	25	55	27	22	21	37	20	29	27	30	145	49	32	16	73	71
hsa-miR-203b-3p	0	0	0	0	0	0	0	0	0	0	0	0	3	0	0	0	1	0
hsa-miR-204-3p	0	1	0	0	0	0	0	0	0	0	0	0	0	0	0	0	0	0
hsa-miR-204-5p	4	5	4	5	0	1	0	1	0	0	1	1	0	2	0	0	0	0
hsa-miR-205-3p	1	0	0	0	0	0	0	0	0	0	0	0	0	0	0	0	0	0
hsa-miR-205-5p	0	1	0	0	1	0	0	0	0	0	0	0	1	0	0	0	1	0
hsa-miR-206	0	0	0	0	0	0	0	0	0	0	0	0	0	0	0	1	0	0
hsa-miR-20a-3p	11	12	11	15	12	3	4	13	4	2	11	11	130	32	6	6	26	34
hsa-miR-20a-5p	43	59	20	65	36	7	18	42	35	15	27	21	420	79	29	24	78	90
hsa-miR-20b-3p	0	2	2	4	2	2	3	5	2	0	1	4	3	3	1	3	6	1
hsa-miR-20b-5p	29	50	11	48	34	2	26	36	26	12	41	23	80	36	16	8	55	30
hsa-miR-21-3p	441	561	221	551	307	188	348	591	282	196	277	256	543	431	147	187	456	271
hsa-miR-21-5p	34093	34072	24403	42850	26641	9517	11859	13226	9766	15027	16971	9291	76895	61432	23583	21261	67941	79134
hsa-miR-210-3p	366	688	303	724	381	198	417	710	411	241	362	344	602	429	172	307	681	385
hsa-miR-210-5p	11	13	2	4	2	2	6	9	7	6	0	4	9	5	5	9	9	5
hsa-miR-2110	23	17	14	26	11	6	10	15	10	7	5	6	23	24	11	5	17	10
hsa-miR-2115-3p	0	0	0	1	1	0	0	0	0	0	0	0	0	1	0	0	0	0
hsa-miR-2115-5p	0	0	0	0	0	0	0	0	0	0	0	0	1	0	0	1	0	1
hsa-miR-2116-3p	41	34	17	41	22	10	21	27	26	23	18	13	47	30	11	25	34	37
hsa-miR-2116-5p	9	3	1	3	1	0	1	3	1	2	4	1	1	3	0	0	3	0
hsa-miR-212-3p	6	3	2	3	8	0	2	3	0	1	4	1	12	2	3	2	7	5
hsa-miR-212-5p	1	0	0	0	0	0	0	0	0	0	0	0	0	0	0	0	1	0
hsa-miR-214-3p	0	1	3	3	1	0	0	2	0	1	0	1	2	0	0	0	1	2
hsa-miR-215-3p	0	1	1	3	7	1	0	0	1	0	0	0	1	0	0	1	0	0
hsa-miR-215-5p	30	13	19	23	29	11	11	13	6	10	19	17	62	26	10	7	27	31
hsa-miR-216a-5p	0	0	0	0	0	0	0	0	0	0	0	0	0	0	0	0	0	1
hsa-miR-216b-5p	0	0	0	0	0	0	0	0	0	0	0	0	0	0	0	0	1	0
hsa-miR-218-1-3p	0	0	0	0	0	0	0	1	0	0	2	0	0	0	0	0	0	0
hsa-miR-218-5p	4	6	8	12	4	2	2	0	0	4	4	2	24	21	6	8	26	14
hsa-miR-219a-1-3p	2	7	6	6	5	0	1	1	2	0	0	2	5	6	3	3	4	2
hsa-miR-219a-5p	4	17	3	23	7	4	3	28	16	5	18	7	32	12	1	2	14	15
hsa-miR-219b-3p	0	0	0	0	0	0	0	0	0	0	0	0	1	0	0	0	0	0
hsa-miR-219b-5p	0	1	0	2	0	0	1	0	0	0	0	0	4	0	0	1	3	2
hsa-miR-22-3p	235	273	165	332	189	102	126	231	197	137	142	142	1361	343	112	115	313	347
hsa-miR-22-5p	29	40	29	48	41	18	12	37	27	25	26	15	98	42	22	17	66	40
hsa-miR-221-3p	2951	4252	2019	4800	2784	1274	1924	3767	2540	1652	2210	2316	4562	4027	1263	1505	4389	3306
hsa-miR-221-5p	22	17	12	43	17	7	10	31	23	14	16	9	119	30	13	8	34	30
hsa-miR-222-3p	9265	10161	5282	12498	5850	2836	5133	8137	4738	4563	5272	4376	14379	13232	4559	3855	13200	10427
hsa-miR-222-5p	51	68	17	56	32	20	39	77	21	24	16	20	87	71	16	18	67	49
hsa-miR-223-3p	0	0	0	1	1	0	0	0	0	0	0	0	0	0	0	0	1	2
hsa-miR-224-3p	2	4	0	6	4	1	1	9	5	5	4	5	4	8	3	2	10	5
hsa-miR-224-5p	547	688	415	961	498	196	299	526	382	452	563	487	1794	923	352	330	917	1025
hsa-miR-2276-3p	4	5	6	9	4	2	1	6	1	6	6	5	8	3	2	3	3	6
hsa-miR-2276-5p	0	2	0	0	0	0	0	0	1	0	0	0	1	1	0	0	2	1
hsa-miR-2277-3p	4	16	6	15	3	4	2	18	4	8	6	11	9	8	3	7	9	9
hsa-miR-2277-5p	2	2	1	3	2	1	2	2	0	1	1	1	4	7	4	2	2	1
hsa-miR-2278	5	5	2	9	2	3	1	5	2	1	3	2	8	4	1	6	4	7
hsa-miR-2355-3p	3	6	1	4	3	0	0	10	5	2	1	1	15	6	0	1	3	11
hsa-miR-2355-5p	0	3	2	7	3	0	0	3	1	1	2	1	1	5	1	2	3	3
hsa-miR-2392	0	0	0	0	0	0	0	0	0	0	1	0	0	0	0	0	0	0
hsa-miR-23a-3p	39409	44956	27745	48408	26540	11948	20224	26622	14267	20129	18127	11628	52055	57321	19591	20246	55379	49751
hsa-miR-23a-5p	172	206	104	230	119	80	110	183	98	116	100	97	149	221	49	37	214	116
hsa-miR-23b-3p	18806	21412	12272	24098	12191	4927	9621	13286	7414	9745	8123	5490	31151	29154	11438	10009	29020	26480
hsa-miR-23b-5p	76	92	40	76	31	25	46	69	26	17	30	30	70	68	42	40	117	74
hsa-miR-23c	97	117	74	111	72	25	57	80	34	52	46	30	157	157	59	62	159	164
hsa-miR-24-1-5p	16	20	12	24	16	9	11	15	9	7	17	12	85	26	14	8	37	39
hsa-miR-24-2-5p	76	77	53	125	55	13	36	79	42	44	50	39	229	134	37	30	123	136
hsa-miR-24-3p	37923	50953	29524	54982	29336	18020	24468	41464	20533	20314	25586	22476	141831	53512	20163	25836	67737	77678
hsa-miR-2467-3p	1	1	1	4	0	1	0	0	0	0	1	3	5	2	1	0	1	2
hsa-miR-2467-5p	0	0	0	1	1	0	0	0	0	0	0	0	0	0	0	0	0	0
hsa-miR-25-3p	6888	8515	5160	9730	5947	3180	3797	5580	3575	3850	5293	4330	17023	10684	4412	5346	10399	11630
hsa-miR-25-5p	41	42	19	47	31	23	35	43	21	21	32	40	51	59	22	18	62	38
hsa-miR-2681-3p	0	0	1	0	0	0	0	0	0	0	0	0	0	0	0	0	0	0
hsa-miR-2682-3p	2	3	2	2	0	0	3	6	2	0	2	3	3	6	0	4	6	1
hsa-miR-2682-5p	1	2	0	1	0	0	1	0	0	0	0	1	1	1	0	0	0	1
hsa-miR-26a-1-3p	40	21	17	30	12	10	11	23	5	8	10	9	58	39	31	17	47	41
hsa-miR-26a-2-3p	37	66	39	62	58	34	15	20	15	24	29	19	22	59	29	30	48	40
hsa-miR-26a-5p	899	1165	582	1194	658	340	490	743	411	432	590	409	3182	1617	562	495	1877	1960
hsa-miR-26b-3p	45	38	41	44	24	13	21	23	16	19	23	8	69	87	37	36	73	55
hsa-miR-26b-5p	355	498	254	535	274	148	211	341	170	178	191	196	1071	644	219	203	692	697
hsa-miR-27a-3p	1331	2073	1003	1958	1076	742	876	1583	983	626	919	810	9413	2038	694	947	3181	3787
hsa-miR-27a-5p	54	44	32	81	55	35	23	50	28	21	31	24	126	73	12	19	68	82
hsa-miR-27b-3p	948	1319	701	1295	698	491	517	915	565	419	603	553	4242	1353	508	686	1773	2017
hsa-miR-27b-5p	85	114	53	130	58	42	61	91	26	36	35	39	216	121	34	52	155	123
hsa-miR-28-3p	366	444	251	467	260	135	207	351	179	201	258	241	716	496	180	243	456	396
hsa-miR-28-5p	919	1160	642	1436	724	472	573	1016	553	521	717	660	1928	1409	446	550	1227	1094
hsa-miR-296-3p	0	5	3	2	1	2	1	1	2	0	0	1	7	2	0	3	1	2
hsa-miR-296-5p	6	12	4	9	1	1	5	3	1	4	2	1	7	5	3	3	9	5
hsa-miR-299-3p	1	1	0	2	2	0	0	1	0	1	2	4	0	1	0	1	1	0
hsa-miR-299-5p	12	16	11	7	7	4	2	11	4	4	16	12	21	5	3	4	12	12
hsa-miR-29a-3p	2779	4474	2280	4924	2934	1043	1704	3483	2253	1634	2698	2385	30035	4817	1738	1706	7108	10838
hsa-miR-29a-5p	15	28	9	15	22	7	2	15	20	9	8	15	59	20	6	11	31	29
hsa-miR-29b-1-5p	90	105	37	126	58	25	70	102	62	51	36	50	191	135	32	37	103	82
hsa-miR-29b-2-5p	7	16	8	16	19	3	5	16	15	5	21	16	15	9	2	5	17	18
hsa-miR-29b-3p	2517	3503	2005	3967	2793	928	1235	1909	1450	1462	2468	1724	6338	3504	1490	1508	3772	4034
hsa-miR-29c-3p	165	224	127	279	195	77	81	125	89	102	127	107	2189	248	96	133	323	504
hsa-miR-29c-5p	43	49	29	72	40	9	35	56	45	26	30	29	88	72	17	21	73	60
hsa-miR-301a-3p	82	95	76	198	88	26	41	78	60	48	59	45	510	112	38	43	100	115
hsa-miR-301a-5p	0	0	3	1	4	0	1	0	1	0	0	0	4	3	1	1	6	4
hsa-miR-301b-3p	22	49	41	82	44	20	17	26	36	26	20	24	110	43	7	11	46	36
hsa-miR-301b-5p	2	6	0	2	2	0	4	2	1	1	1	1	1	5	0	0	4	0
hsa-miR-3064-3p	0	2	0	0	1	0	0	1	0	0	0	1	0	1	0	1	1	0
hsa-miR-3064-5p	1	0	4	4	5	1	4	2	3	1	0	1	3	3	2	3	2	3
hsa-miR-3065-3p	0	2	3	4	0	0	0	1	1	0	0	0	2	2	0	0	0	2
hsa-miR-3065-5p	0	5	0	3	3	1	1	0	2	1	2	1	14	7	1	3	2	4
hsa-miR-3074-3p	0	0	0	0	0	0	0	0	1	0	0	0	0	2	0	0	1	0
hsa-miR-3074-5p	0	0	0	0	0	0	0	0	0	0	0	2	0	0	0	0	0	0
hsa-miR-30a-3p	5700	6593	3481	8042	4199	2100	3653	5461	2628	3051	3545	3361	9712	8787	2583	2941	8142	6662
hsa-miR-30a-5p	117	169	77	220	92	43	88	139	104	45	79	73	886	225	66	90	356	368
hsa-miR-30b-3p	111	116	80	131	60	51	90	135	51	58	64	47	160	151	47	58	151	105
hsa-miR-30b-5p	279	353	181	446	211	102	135	255	206	129	176	152	1252	384	126	126	528	420
hsa-miR-30c-1-3p	45	57	24	67	35	20	43	53	27	32	28	30	46	52	15	22	68	40
hsa-miR-30c-2-3p	313	379	212	423	221	154	244	376	159	194	235	198	426	442	124	161	421	249
hsa-miR-30c-5p	5284	6283	2760	7641	3286	1151	2813	4635	3035	2295	3013	2289	19164	9786	3008	1690	11937	10156
hsa-miR-30d-3p	61	81	43	86	50	24	30	59	29	35	39	56	120	97	22	41	67	52
hsa-miR-30d-5p	127	147	88	179	96	47	70	97	66	61	85	65	489	216	77	87	308	268
hsa-miR-30e-3p	978	1185	650	1485	823	437	630	901	546	544	673	639	2356	1645	577	587	1588	1620
hsa-miR-30e-5p	19	27	8	37	14	6	12	11	12	6	13	14	160	24	12	4	36	58
hsa-miR-31-3p	128	269	112	272	122	61	84	171	176	85	110	112	452	182	45	92	248	156
hsa-miR-31-5p	10787	12894	6553	15356	7547	4692	8337	14538	7193	5584	8353	7410	20035	13406	4410	5769	16192	10374
hsa-miR-3115	0	1	0	0	0	0	0	0	0	0	0	0	0	1	0	1	1	0
hsa-miR-3120-3p	0	2	0	0	0	0	0	0	0	0	0	0	0	0	0	0	0	0
hsa-miR-3120-5p	0	0	0	0	0	0	0	0	1	0	0	0	0	0	0	0	2	0
hsa-miR-3121-3p	0	1	0	0	0	0	0	0	0	0	0	0	1	1	0	0	0	0
hsa-miR-3121-5p	1	0	1	0	1	0	0	0	0	1	1	0	0	0	0	2	0	1
hsa-miR-3122	0	1	0	0	0	0	0	0	0	0	0	0	0	0	0	0	0	0
hsa-miR-3124-5p	0	0	0	0	0	0	0	0	1	1	0	0	0	0	0	0	0	0
hsa-miR-3126-5p	0	0	0	0	0	0	0	0	0	0	1	0	0	0	0	0	0	0
hsa-miR-3127-3p	1	1	1	1	3	1	0	2	0	1	0	1	1	2	3	0	3	2
hsa-miR-3127-5p	1	2	1	1	0	0	3	2	0	1	1	1	0	1	1	1	0	0
hsa-miR-3128	0	0	0	1	0	0	0	1	0	1	0	0	0	0	0	0	0	0
hsa-miR-3129-3p	0	0	0	1	0	0	0	0	0	0	0	0	0	1	0	0	0	0
hsa-miR-3130-3p	0	4	0	2	0	0	0	0	0	0	0	0	0	0	2	0	0	0
hsa-miR-3130-5p	12	4	5	6	4	0	4	15	2	6	8	2	16	6	2	2	2	7
hsa-miR-3136-3p	0	0	0	0	0	0	0	0	1	0	0	0	0	2	0	0	1	0
hsa-miR-3136-5p	1	0	0	1	0	0	1	1	1	0	1	3	0	0	0	0	6	1
hsa-miR-3138	2	6	3	2	0	4	3	7	3	0	3	5	3	1	1	2	6	2
hsa-miR-3140-3p	2	3	0	6	1	0	1	2	2	0	1	0	1	2	0	2	3	2
hsa-miR-3140-5p	0	0	0	0	1	0	0	0	0	0	0	0	0	0	0	0	0	0
hsa-miR-3141	1	0	1	1	0	0	2	0	0	0	0	0	1	3	0	0	0	0
hsa-miR-3143	12	14	9	13	13	5	2	2	4	9	8	5	15	12	2	5	12	10
hsa-miR-3144-3p	0	0	1	4	0	0	0	0	0	0	0	0	1	0	0	0	0	1
hsa-miR-3144-5p	3	1	1	2	0	2	0	3	1	1	1	2	0	1	1	0	0	0
hsa-miR-3145-3p	0	0	0	0	0	0	0	2	0	0	0	0	3	0	0	1	3	2
hsa-miR-3145-5p	5	6	3	6	3	1	0	2	0	3	3	1	0	4	3	0	1	2
hsa-miR-3146	0	2	0	0	1	0	0	2	0	1	0	0	0	1	0	0	0	0
hsa-miR-3147	0	0	0	0	0	0	0	0	1	0	0	0	0	0	0	0	0	0
hsa-miR-3148	1	1	2	0	1	0	2	1	0	2	1	2	1	2	0	1	3	2
hsa-miR-3149	1	0	0	0	0	0	1	0	1	1	1	0	0	2	0	0	1	0
hsa-miR-3150a-3p	0	0	1	0	1	0	0	0	0	0	0	0	0	0	0	0	0	0
hsa-miR-3150a-5p	4	2	2	2	4	0	0	1	2	0	1	1	1	0	1	2	5	1
hsa-miR-3150b-3p	0	2	1	0	0	1	0	0	0	1	2	2	2	2	1	0	0	1
hsa-miR-3150b-5p	0	1	1	2	1	1	1	2	0	0	0	1	2	0	0	0	0	0
hsa-miR-3157-3p	0	0	0	0	0	0	0	0	0	0	0	0	1	0	1	0	0	1
hsa-miR-3157-5p	1	0	0	0	0	2	0	0	0	1	0	0	1	1	0	0	0	0
hsa-miR-3158-3p	0	0	0	0	0	0	4	0	2	0	0	0	6	0	0	0	0	2
hsa-miR-3158-5p	2	0	0	2	0	3	1	0	1	0	1	0	4	0	0	0	3	6
hsa-miR-3159	0	1	1	0	1	0	1	1	1	0	1	0	0	1	2	2	1	1
hsa-miR-3160-3p	0	0	0	4	0	0	0	0	0	0	0	2	0	0	0	0	2	0
hsa-miR-3160-5p	0	0	0	0	2	0	0	0	0	0	0	0	0	0	0	0	0	0
hsa-miR-3162-3p	1	0	0	0	1	0	0	0	0	0	1	1	0	0	0	0	0	0
hsa-miR-3163	0	1	0	0	0	0	0	0	0	0	0	0	0	0	1	0	0	0
hsa-miR-3164	0	1	0	0	0	0	0	1	1	1	1	0	0	1	0	0	2	0
hsa-miR-3165	0	0	1	0	0	0	0	1	0	0	0	0	0	0	2	0	0	0
hsa-miR-3166	0	0	0	0	0	0	0	0	0	0	1	0	0	0	0	0	0	0
hsa-miR-3173-3p	4	4	6	4	2	4	5	5	2	3	8	6	7	5	2	3	3	4
hsa-miR-3173-5p	65	61	31	75	27	18	33	48	22	40	54	22	42	61	25	32	52	37
hsa-miR-3174	0	3	0	0	0	0	0	0	0	0	0	3	1	0	0	0	0	0
hsa-miR-3175	1	3	0	0	0	1	0	0	2	0	1	0	4	0	1	2	5	0
hsa-miR-3176	1	0	0	1	1	0	0	1	0	0	1	0	0	0	1	2	0	1
hsa-miR-3177-3p	3	4	3	10	1	3	2	2	4	0	1	1	3	4	3	4	6	3
hsa-miR-3177-5p	0	0	0	0	0	0	0	0	0	0	0	0	2	1	0	0	1	0
hsa-miR-3178	0	0	0	0	0	0	0	0	0	0	0	0	0	1	0	0	0	0
hsa-miR-3179	104	40	12	100	56	8	28	64	24	28	28	16	48	128	16	16	80	28
hsa-miR-3180	5	10	10	0	5	0	5	5	0	5	5	25	10	15	0	0	10	5
hsa-miR-3180-3p	5	10	10	0	5	0	5	5	0	5	5	25	10	15	0	0	10	5
hsa-miR-3180-5p	0	15	0	12	3	3	6	3	3	0	0	0	9	9	3	0	3	6
hsa-miR-3181	0	0	1	0	0	0	0	0	0	0	0	0	0	0	0	0	0	0
hsa-miR-3183	0	0	1	0	0	0	0	0	0	0	0	0	0	0	0	0	0	0
hsa-miR-3184-5p	0	0	0	0	0	0	0	1	0	0	0	0	0	0	0	0	0	0
hsa-miR-3187-3p	4	1	1	3	0	1	3	1	3	2	2	0	3	3	1	1	4	5
hsa-miR-3187-5p	1	0	0	0	0	0	0	0	0	0	0	0	2	0	0	0	0	1
hsa-miR-3188	0	0	0	0	1	0	0	0	0	1	1	0	0	1	1	2	1	0
hsa-miR-3189-3p	0	1	0	1	0	0	0	1	0	2	0	0	0	0	0	0	1	0
hsa-miR-3189-5p	0	1	0	0	0	0	1	0	0	0	0	0	0	0	0	0	0	0
hsa-miR-3190-3p	0	0	0	0	0	0	0	0	0	0	0	0	0	0	1	0	1	0
hsa-miR-3193	0	0	0	1	0	0	0	1	0	0	0	0	0	0	0	0	0	0
hsa-miR-3194-5p	1	0	0	1	0	0	1	4	0	2	1	0	1	0	0	0	2	1
hsa-miR-3195	0	2	1	1	2	3	0	1	0	0	0	4	1	2	0	0	0	0
hsa-miR-3196	2	0	2	3	0	4	2	1	0	1	1	1	1	1	0	1	1	1
hsa-miR-3197	0	0	0	0	0	0	0	0	0	0	0	0	0	2	0	0	0	0
hsa-miR-3198	0	0	2	0	0	0	4	0	4	0	0	0	4	0	0	2	0	6
hsa-miR-3199	2	4	0	0	2	0	2	0	0	0	2	0	0	0	2	2	2	2
hsa-miR-32-3p	46	93	55	115	63	35	54	93	43	38	41	48	88	105	32	29	79	54
hsa-miR-32-5p	65	62	65	77	79	28	34	34	19	35	59	40	152	155	60	61	117	205
hsa-miR-3200-3p	54	78	47	107	35	16	41	85	45	28	47	52	97	70	38	23	94	55
hsa-miR-3200-5p	3	4	2	6	3	0	4	2	4	2	4	13	11	8	2	0	10	4
hsa-miR-3202	0	0	0	0	0	0	0	0	0	0	0	0	0	0	0	0	0	1
hsa-miR-320a-3p	507	619	348	691	399	295	346	587	343	255	381	396	544	596	227	349	611	404
hsa-miR-320a-5p	18	37	11	27	17	14	18	37	20	10	28	31	25	22	17	17	33	13
hsa-miR-320b	398	483	302	544	343	298	297	536	262	182	308	347	408	443	195	300	485	309
hsa-miR-320c	46	47	34	27	23	21	22	57	30	13	40	18	70	22	13	38	31	24
hsa-miR-320d	44	45	19	24	21	20	13	48	34	10	25	33	22	40	15	23	28	27
hsa-miR-320e	13	9	6	6	7	7	4	18	10	2	12	5	17	10	1	11	11	6
hsa-miR-323a-3p	72	70	44	79	63	31	28	45	22	29	46	28	114	111	49	45	102	119
hsa-miR-323a-5p	0	0	0	2	0	1	0	2	0	0	0	0	1	1	0	1	2	3
hsa-miR-323b-3p	10	14	8	8	5	6	4	12	9	3	4	7	20	13	6	3	13	12
hsa-miR-323b-5p	0	0	0	0	0	0	0	0	0	0	0	1	0	0	0	0	1	1
hsa-miR-324-3p	167	244	99	246	147	92	114	252	148	94	144	143	290	182	82	127	285	176
hsa-miR-324-5p	385	482	281	644	317	175	333	596	297	221	355	310	698	466	169	199	591	384
hsa-miR-326	57	51	42	93	34	28	50	90	51	18	51	33	77	59	28	33	88	61
hsa-miR-328-3p	482	571	294	620	254	163	334	544	326	255	289	250	742	531	208	263	692	473
hsa-miR-328-5p	3	0	1	4	4	2	0	2	2	0	2	4	3	3	2	1	8	3
hsa-miR-329-3p	54	76	40	80	60	36	38	36	28	28	40	32	78	100	36	48	112	98
hsa-miR-329-5p	0	0	0	2	0	0	0	2	2	0	0	0	2	0	0	0	0	0
hsa-miR-330-3p	70	97	43	106	53	25	50	72	40	31	53	46	133	88	38	40	104	88
hsa-miR-330-5p	58	54	29	80	22	10	33	38	21	16	22	18	224	118	43	19	130	171
hsa-miR-331-3p	517	788	461	853	455	360	453	789	363	314	533	440	949	634	291	432	1049	636
hsa-miR-331-5p	22	36	17	28	24	10	10	28	9	10	12	20	48	29	12	14	21	23
hsa-miR-335-3p	223	274	169	335	204	69	140	193	132	153	202	119	195	330	167	160	303	207
hsa-miR-335-5p	545	700	370	844	430	200	304	518	242	313	387	409	2284	1025	312	230	892	1205
hsa-miR-337-3p	0	0	0	0	0	0	1	0	0	0	1	0	2	0	0	0	2	0
hsa-miR-339-3p	73	188	74	181	90	40	76	153	75	51	93	93	204	99	38	55	184	110
hsa-miR-339-5p	26	49	19	41	36	15	33	34	24	7	26	16	57	35	16	21	58	31
hsa-miR-33a-3p	19	31	14	19	17	15	11	22	4	8	15	11	47	23	12	14	26	30
hsa-miR-33a-5p	15	36	15	30	16	18	15	27	21	9	20	15	17	20	4	13	35	17
hsa-miR-33b-3p	8	0	0	7	1	0	2	4	3	0	1	0	3	0	0	6	2	2
hsa-miR-33b-5p	3	11	0	11	2	3	3	9	4	0	3	6	11	4	0	3	9	5
hsa-miR-340-3p	90	129	68	128	69	29	49	58	31	53	72	26	81	159	64	44	131	86
hsa-miR-340-5p	7	12	5	8	2	0	3	10	3	3	3	5	50	4	1	3	10	15
hsa-miR-342-3p	1137	1311	674	1636	730	300	694	1007	676	674	884	656	2428	1792	605	395	1936	1687
hsa-miR-342-5p	42	57	28	62	23	16	24	45	20	22	34	25	68	63	20	17	57	32
hsa-miR-345-3p	0	0	0	0	0	0	1	2	0	0	0	0	1	0	0	0	1	0
hsa-miR-345-5p	104	155	86	176	110	44	68	146	79	43	98	83	196	123	59	76	138	118
hsa-miR-34a-3p	0	1	0	3	0	0	1	1	1	1	1	0	4	3	0	1	2	4
hsa-miR-34a-5p	16	50	17	45	35	7	9	42	25	8	22	19	53	13	10	4	39	29
hsa-miR-34b-3p	20	24	6	22	7	8	8	16	5	8	13	13	12	33	10	5	16	13
hsa-miR-34b-5p	0	2	1	3	0	1	0	2	2	3	2	3	3	1	0	0	1	1
hsa-miR-34c-3p	4	2	2	2	1	0	2	0	2	1	0	2	5	1	0	1	1	2
hsa-miR-34c-5p	2	5	0	5	0	0	0	3	5	0	2	2	2	2	1	0	2	2
hsa-miR-3529-3p	0	0	0	0	0	0	0	0	0	0	0	0	0	0	0	0	1	0
hsa-miR-3529-5p	0	0	1	0	0	0	0	0	0	0	0	0	0	0	0	0	1	0
hsa-miR-3605-3p	64	51	40	60	27	27	34	56	22	21	43	18	62	87	27	32	87	56
hsa-miR-3605-5p	12	5	9	4	7	3	5	7	5	2	7	7	9	10	6	6	15	10
hsa-miR-3609	0	2	1	4	1	1	1	1	0	2	5	2	1	2	0	0	1	0
hsa-miR-361-3p	77	124	52	164	53	29	74	108	83	73	91	64	331	130	42	28	145	129
hsa-miR-361-5p	124	143	82	127	86	40	50	83	74	44	73	53	520	157	74	53	227	239
hsa-miR-3610	0	0	0	0	0	0	0	1	0	0	0	0	0	0	0	0	0	0
hsa-miR-3611	1	1	2	3	3	0	0	0	0	2	2	0	19	3	1	1	10	16
hsa-miR-3613-3p	0	1	0	0	0	0	0	0	0	1	0	0	1	0	0	0	0	0
hsa-miR-3613-5p	14	14	7	20	9	8	5	10	4	10	4	3	17	12	7	6	16	14
hsa-miR-3614-3p	1	0	0	2	0	0	0	1	0	0	0	0	0	0	0	1	1	0
hsa-miR-3614-5p	1	3	2	2	5	3	3	1	4	5	3	3	2	3	1	0	5	1
hsa-miR-3615	57	51	27	63	31	18	39	55	34	19	34	27	87	51	31	30	105	68
hsa-miR-3617-3p	1	1	1	0	3	0	2	0	1	0	0	0	4	0	1	0	0	4
hsa-miR-3617-5p	0	0	1	0	0	0	0	0	0	1	0	2	1	5	0	0	0	2
hsa-miR-3618	1	0	0	1	1	1	0	0	0	0	0	0	2	0	0	0	1	1
hsa-miR-3619-3p	4	4	5	7	6	1	3	7	3	2	3	6	7	4	4	2	12	4
hsa-miR-3619-5p	10	9	6	10	6	9	3	6	4	5	10	3	9	11	3	6	16	9
hsa-miR-362-3p	29	32	17	32	18	8	13	6	8	12	10	7	256	50	17	18	51	102
hsa-miR-362-5p	18	35	13	46	22	5	22	33	33	16	16	16	55	24	12	4	36	20
hsa-miR-3620-3p	60	75	39	71	47	25	45	54	41	24	40	42	84	78	27	39	73	65
hsa-miR-3622a-5p	2	3	1	1	0	0	3	0	0	0	1	1	1	2	1	1	1	1
hsa-miR-3622b-3p	0	0	0	0	0	0	0	0	0	0	0	0	0	0	0	0	1	0
hsa-miR-363-3p	17	25	8	36	14	9	21	30	11	6	23	20	35	22	10	10	32	15
hsa-miR-363-5p	0	2	1	0	0	0	1	1	0	1	2	1	2	6	2	1	2	0
hsa-miR-3648	0	0	0	0	0	0	0	0	2	0	0	0	6	2	0	0	0	0
hsa-miR-3651	53	63	46	71	34	20	34	53	24	37	37	37	81	53	14	25	65	46
hsa-miR-3657	0	0	0	0	0	0	0	0	0	0	0	0	1	0	0	0	0	0
hsa-miR-3658	0	0	0	0	0	0	0	1	0	0	0	0	0	1	0	0	0	0
hsa-miR-365a-3p	914	1014	604	870	512	220	338	342	280	346	494	202	864	1416	564	554	1286	908
hsa-miR-365a-5p	21	19	11	16	15	3	9	28	6	6	7	12	23	24	6	11	31	16
hsa-miR-365b-3p	914	1014	604	870	512	220	338	342	280	346	494	202	864	1416	564	554	1286	908
hsa-miR-365b-5p	10	28	5	17	8	6	12	19	6	8	5	8	15	20	7	7	25	14
hsa-miR-3660	0	1	0	1	0	0	0	0	0	2	1	0	0	0	0	0	0	0
hsa-miR-3661	0	1	0	0	1	0	0	0	0	0	0	2	0	0	0	0	1	0
hsa-miR-3662	0	0	0	0	2	0	0	0	0	0	1	0	0	3	0	0	0	2
hsa-miR-3664-3p	5	8	5	6	5	0	1	7	4	1	2	2	6	8	1	3	11	8
hsa-miR-3664-5p	0	1	0	3	3	0	1	1	2	1	0	2	3	1	1	1	0	4
hsa-miR-3677-3p	1	0	0	0	1	1	0	1	1	0	0	1	1	1	1	0	0	0
hsa-miR-3677-5p	2	1	0	2	1	4	2	6	2	2	0	1	2	1	1	2	3	3
hsa-miR-3679-3p	9	8	5	13	9	0	5	5	0	8	6	3	7	11	3	2	10	7
hsa-miR-3679-5p	13	15	7	17	12	2	7	20	3	4	15	11	10	10	4	9	17	7
hsa-miR-3680-3p	0	0	0	2	0	0	0	0	0	0	0	0	0	0	0	0	0	0
hsa-miR-3680-5p	0	0	0	0	2	0	2	0	0	0	0	0	0	0	0	0	2	0
hsa-miR-3682-3p	0	0	0	0	0	0	0	1	0	1	2	0	1	1	0	1	1	0
hsa-miR-3682-5p	2	3	1	0	0	2	0	3	0	0	0	1	0	1	0	1	4	0
hsa-miR-3688-3p	0	0	0	4	0	0	0	0	0	0	0	0	0	0	0	0	4	0
hsa-miR-369-3p	64	77	35	102	70	27	16	47	16	36	37	20	178	123	33	44	109	167
hsa-miR-369-5p	17	13	10	12	9	6	4	6	8	6	5	8	18	12	2	2	7	13
hsa-miR-3690	0	0	0	0	0	0	0	0	0	0	0	0	0	0	0	2	0	0
hsa-miR-3691-3p	0	1	0	1	0	0	0	0	0	0	1	1	1	2	0	0	0	1
hsa-miR-3691-5p	2	1	1	3	0	1	0	3	5	0	0	0	3	2	1	2	2	0
hsa-miR-3692-3p	0	0	0	0	0	0	0	0	0	0	0	0	2	0	0	0	1	1
hsa-miR-370-3p	0	1	0	0	1	0	0	2	0	0	0	0	1	0	1	0	0	1
hsa-miR-370-5p	1	0	0	0	0	0	0	0	0	0	0	0	0	0	0	0	0	1
hsa-miR-371b-3p	0	0	0	0	0	0	0	0	1	0	0	0	0	0	0	0	0	0
hsa-miR-371b-5p	0	1	0	0	0	0	0	0	0	0	0	0	0	0	0	0	1	0
hsa-miR-374a-3p	79	64	55	77	81	31	31	28	27	61	20	23	487	237	77	73	233	430
hsa-miR-374a-5p	411	359	291	405	281	68	79	76	66	131	133	73	2270	1011	458	298	1341	1810
hsa-miR-374b-3p	9	15	7	21	9	4	8	8	6	4	8	4	80	30	16	16	31	74
hsa-miR-374b-5p	5639	7210	4185	7716	4449	1991	3247	4392	2534	3164	3863	3070	5425	7891	2916	3030	6958	4858
hsa-miR-374c-3p	0	0	1	0	0	0	1	0	0	0	0	0	0	1	1	0	0	3
hsa-miR-374c-5p	14	15	10	15	16	6	13	7	7	6	4	5	17	12	11	18	12	17
hsa-miR-375-3p	15	20	11	24	12	8	7	17	5	5	9	5	24	25	3	14	17	25
hsa-miR-375-5p	0	0	0	0	1	0	0	0	0	0	0	0	0	0	0	0	0	0
hsa-miR-376a-2-5p	0	0	1	2	0	0	0	0	0	0	0	0	4	0	0	0	1	1
hsa-miR-376a-3p	60	54	46	90	82	22	24	46	30	36	58	32	166	54	20	18	58	102
hsa-miR-376a-5p	0	3	1	2	3	0	1	1	0	1	3	2	6	1	1	1	5	3
hsa-miR-376b-3p	0	2	2	3	5	0	1	1	0	0	2	2	3	3	2	0	2	0
hsa-miR-376b-5p	0	1	1	1	0	0	0	0	0	1	0	0	4	0	1	0	0	0
hsa-miR-376c-3p	32	50	32	79	47	9	21	44	14	29	33	32	122	48	20	14	49	49
hsa-miR-376c-5p	0	1	1	1	0	0	0	0	0	1	0	0	3	0	1	0	0	0
hsa-miR-377-3p	5	1	5	2	5	0	2	4	2	3	3	5	21	3	2	2	2	6
hsa-miR-377-5p	2	2	1	1	2	1	0	0	1	0	1	1	1	0	0	0	2	0
hsa-miR-378a-3p	14	30	10	22	8	3	9	19	12	3	6	15	16	22	6	6	30	12
hsa-miR-378a-5p	36	70	36	91	31	19	32	61	29	19	34	28	101	62	22	36	58	43
hsa-miR-378b	0	0	0	1	0	0	0	0	0	0	0	0	0	0	0	0	0	0
hsa-miR-378c	1	1	3	0	0	0	0	0	0	0	0	1	2	0	0	2	1	0
hsa-miR-378d	0	0	0	2	0	0	0	0	0	0	0	0	0	0	0	2	0	0
hsa-miR-378e	0	0	0	0	0	0	0	0	0	0	0	1	1	1	1	1	0	0
hsa-miR-378g	0	0	0	0	0	0	0	0	0	0	1	1	0	0	0	1	0	0
hsa-miR-378i	0	0	0	0	0	0	0	0	0	1	1	0	0	0	1	0	0	0
hsa-miR-379-3p	17	13	5	20	8	9	8	9	5	5	10	10	36	13	4	7	18	25
hsa-miR-379-5p	39	48	12	50	24	23	20	35	14	11	18	18	104	64	20	19	50	54
hsa-miR-380-3p	15	12	7	14	7	8	4	12	7	8	7	3	28	8	5	3	12	20
hsa-miR-380-5p	0	0	0	0	0	2	0	0	0	0	0	0	0	0	0	0	0	0
hsa-miR-381-3p	12	27	7	29	13	10	4	14	7	8	13	14	14	11	2	4	14	13
hsa-miR-381-5p	2	0	1	1	1	1	1	0	1	2	1	1	0	2	0	1	1	0
hsa-miR-382-3p	19	22	12	30	21	7	1	4	2	5	10	5	25	15	6	4	23	10
hsa-miR-382-5p	127	148	80	159	108	52	83	117	55	61	85	71	143	132	46	51	161	87
hsa-miR-383-5p	0	0	0	1	0	0	0	0	0	0	0	0	0	0	0	0	0	0
hsa-miR-3909	2	3	2	4	2	2	3	4	2	2	1	1	5	4	1	2	4	2
hsa-miR-3911	0	0	0	0	0	0	0	0	0	0	0	0	0	0	0	0	1	0
hsa-miR-3912-3p	0	0	0	0	0	0	0	1	0	0	0	0	0	1	0	0	1	0
hsa-miR-3912-5p	0	0	0	0	0	0	0	0	0	0	0	0	0	1	0	0	1	0
hsa-miR-3913-3p	0	0	0	2	0	0	0	0	0	6	2	0	0	0	0	0	0	0
hsa-miR-3913-5p	0	2	0	0	0	0	0	0	0	0	2	0	0	2	0	0	0	0
hsa-miR-3914	0	2	0	0	0	0	0	0	0	0	0	0	0	0	0	0	0	0
hsa-miR-3916	0	6	0	1	1	1	3	3	4	1	4	2	1	4	0	1	3	2
hsa-miR-3917	0	0	0	0	0	0	0	0	0	0	0	0	1	0	0	0	0	0
hsa-miR-3918	0	0	0	0	0	1	0	0	0	0	0	0	0	0	0	0	0	0
hsa-miR-3919	0	0	0	0	0	1	0	0	0	0	0	1	0	0	0	0	0	0
hsa-miR-3924	0	0	0	1	0	0	0	2	0	0	0	0	1	1	0	0	0	1
hsa-miR-3925-5p	0	0	0	0	0	0	1	0	0	0	0	0	0	0	0	0	0	0
hsa-miR-3928-3p	1	2	1	1	2	1	0	2	1	1	2	0	0	1	1	2	8	2
hsa-miR-3928-5p	1	0	0	1	0	0	0	0	1	0	1	0	0	0	0	0	0	0
hsa-miR-3929	0	0	0	1	0	0	0	0	0	0	0	0	0	0	0	0	1	0
hsa-miR-3934-5p	11	21	7	37	10	7	11	25	10	15	15	9	15	19	3	8	19	12
hsa-miR-3935	0	0	0	0	1	0	0	0	0	0	0	0	0	0	0	0	0	0
hsa-miR-3936	3	1	3	5	1	1	1	0	0	0	1	1	2	2	0	0	3	1
hsa-miR-3940-3p	13	12	9	15	3	7	11	10	8	9	6	11	16	18	5	6	25	9
hsa-miR-3940-5p	0	0	0	0	0	1	1	0	0	0	0	0	0	0	0	0	0	0
hsa-miR-3942-3p	0	0	0	0	0	0	0	1	0	0	0	0	0	0	0	0	0	0
hsa-miR-3942-5p	0	0	0	0	0	0	0	0	1	0	0	0	2	0	0	1	0	3
hsa-miR-3944-3p	0	0	1	1	0	0	0	0	0	0	0	0	0	0	1	0	0	0
hsa-miR-3944-5p	1	0	1	0	0	0	0	2	0	0	0	0	0	1	1	0	0	1
hsa-miR-3945	0	0	0	0	0	0	0	0	0	0	1	2	0	0	0	0	0	0
hsa-miR-3960	2	3	1	1	3	8	0	1	3	0	2	1	1	2	0	2	1	0
hsa-miR-3973	0	0	0	1	0	0	0	0	0	0	0	2	0	0	0	0	0	0
hsa-miR-409-3p	137	193	100	190	110	51	68	89	55	91	73	38	245	184	64	46	215	168
hsa-miR-409-5p	14	10	6	8	6	2	3	5	4	1	5	9	16	15	12	8	23	16
hsa-miR-410-3p	3	9	7	7	5	1	10	7	6	1	3	4	12	9	3	2	4	4
hsa-miR-410-5p	0	0	0	3	0	0	0	0	0	0	0	0	0	2	0	0	0	0
hsa-miR-411-3p	19	27	25	35	19	17	14	15	8	10	21	17	47	38	16	23	38	42
hsa-miR-411-5p	5	10	13	11	8	1	3	6	4	6	8	10	26	13	4	2	13	13
hsa-miR-412-3p	0	0	0	0	0	0	1	0	0	0	0	0	0	0	0	0	0	2
hsa-miR-412-5p	0	0	0	0	0	0	0	0	0	0	0	0	0	0	0	0	1	0
hsa-miR-421	174	193	121	249	115	49	80	111	57	99	89	77	428	288	103	73	316	305
hsa-miR-422a	0	0	1	1	0	0	0	0	0	0	0	1	0	0	0	1	1	0
hsa-miR-423-3p	1066	1450	718	1615	696	413	843	1360	731	588	868	672	2840	1460	571	561	1865	1717
hsa-miR-423-5p	4176	5223	2478	5783	2694	1732	3172	5295	2711	2407	3287	3091	4860	5314	1798	1824	5974	3161
hsa-miR-424-3p	96	107	50	111	79	43	48	87	26	42	77	75	185	110	61	58	124	150
hsa-miR-424-5p	125	185	128	216	132	90	67	108	80	54	81	97	1791	214	79	102	268	446
hsa-miR-425-3p	104	147	61	159	88	42	77	170	93	59	74	87	178	106	26	71	170	101
hsa-miR-425-5p	569	664	333	776	389	161	303	488	340	269	388	288	1695	923	386	267	939	983
hsa-miR-4252	0	0	0	1	0	0	0	0	0	0	0	0	0	0	0	0	0	0
hsa-miR-4259	0	0	0	0	0	0	0	0	1	0	0	0	0	0	0	0	0	0
hsa-miR-4271	0	0	1	0	0	0	2	1	0	0	0	1	0	0	0	0	1	0
hsa-miR-4281	0	0	1	0	0	0	0	0	0	0	0	0	0	0	0	0	0	0
hsa-miR-4284	35	36	21	61	49	33	24	34	42	28	193	200	50	49	25	21	42	28
hsa-miR-4286	2	5	3	5	4	4	5	2	6	2	7	2	2	1	3	3	2	4
hsa-miR-429	3293	3448	2427	4439	2979	912	1343	1549	1140	1782	1941	980	11429	5950	2590	2517	5934	8491
hsa-miR-4290	0	0	0	1	2	0	0	0	0	0	0	0	0	0	0	0	0	0
hsa-miR-4298	0	0	0	0	0	1	0	0	0	0	0	0	0	0	0	0	0	0
hsa-miR-4301	0	0	1	0	0	0	0	0	0	1	4	0	0	0	0	0	1	0
hsa-miR-4306	0	0	0	1	0	0	0	0	0	0	0	0	0	0	0	1	1	0
hsa-miR-432-5p	0	0	0	0	0	0	0	0	0	0	0	0	1	0	0	0	2	0
hsa-miR-4326	2	1	4	2	4	3	0	0	1	1	2	1	3	1	3	1	7	3
hsa-miR-4421	0	0	0	2	0	0	0	0	0	0	0	0	0	0	0	0	0	1
hsa-miR-4422	0	0	1	0	1	0	0	0	0	0	0	0	0	0	0	1	0	1
hsa-miR-4423-5p	0	0	0	1	0	0	0	0	0	2	0	0	1	1	0	0	0	0
hsa-miR-4428	0	0	0	0	0	0	0	0	0	0	0	1	0	0	0	0	0	0
hsa-miR-4433a-5p	0	0	0	1	0	0	0	0	0	0	0	0	0	0	0	1	1	0
hsa-miR-4433b-3p	0	0	0	0	0	0	0	0	0	0	1	0	0	0	0	0	1	0
hsa-miR-4435	6	8	4	4	4	4	0	0	2	2	10	4	8	6	2	2	12	10
hsa-miR-4436b-3p	6	4	2	6	10	0	4	6	2	6	2	2	4	4	2	6	6	2
hsa-miR-4436b-5p	0	0	2	4	0	0	0	4	0	0	4	2	0	2	0	0	4	0
hsa-miR-4440	0	0	0	0	0	0	0	1	0	0	1	0	1	1	2	0	1	1
hsa-miR-4442	0	0	0	0	0	0	0	1	0	0	0	0	0	0	0	0	0	0
hsa-miR-4443	3	3	0	7	6	2	2	1	6	4	4	7	3	1	0	2	1	4
hsa-miR-4444	0	0	0	0	0	0	2	0	0	0	0	0	0	0	0	0	0	0
hsa-miR-4446-3p	0	0	0	0	0	1	0	0	0	0	3	1	1	0	0	0	0	0
hsa-miR-4448	0	1	0	0	0	1	1	1	3	0	1	1	2	0	0	0	0	1
hsa-miR-4449	171	212	98	177	67	45	127	229	64	76	104	79	211	191	42	50	294	172
hsa-miR-4454	41	17	13	20	17	22	13	7	9	8	14	13	82	65	38	40	44	56
hsa-miR-4455	0	0	0	1	0	0	0	0	0	0	0	2	0	0	0	1	1	0
hsa-miR-4458	0	1	0	0	0	0	0	0	0	0	0	0	1	0	0	0	0	0
hsa-miR-4463	1	0	0	4	7	7	1	1	6	1	51	47	1	1	1	1	2	1
hsa-miR-4466	1	3	1	3	3	2	0	0	2	2	2	2	0	2	2	0	1	2
hsa-miR-4467	0	2	1	0	0	0	0	0	0	0	0	0	0	0	0	0	0	0
hsa-miR-4470	0	0	0	0	0	0	0	1	0	0	0	0	0	1	1	0	0	0
hsa-miR-4473	4	6	3	6	5	0	1	0	4	2	1	6	4	1	1	4	9	13
hsa-miR-4474-3p	0	0	0	0	0	0	0	0	0	0	0	0	0	1	0	0	0	0
hsa-miR-4479	1	1	0	2	0	3	1	2	4	0	2	1	1	0	0	1	3	1
hsa-miR-4484	4	12	1	5	3	3	3	2	2	1	6	4	6	4	1	2	10	4
hsa-miR-4485-3p	111	116	99	161	620	453	87	103	301	265	3020	2268	175	140	100	121	260	139
hsa-miR-4485-5p	13	25	9	24	7	14	7	22	9	11	17	12	35	11	3	15	30	19
hsa-miR-4488	8	6	9	13	11	14	2	9	6	7	20	17	6	2	7	13	8	7
hsa-miR-4489	1	1	0	0	1	0	0	0	1	0	0	0	0	1	0	0	0	0
hsa-miR-4492	0	1	0	1	1	2	0	1	2	2	5	0	0	0	1	0	0	0
hsa-miR-4498	0	2	0	0	0	1	0	1	1	0	0	0	2	0	0	0	1	1
hsa-miR-449a	1	1	0	2	1	1	0	2	0	0	2	2	1	0	0	0	2	2
hsa-miR-449b-3p	1	0	0	1	4	0	1	1	0	0	0	3	0	0	0	1	1	5
hsa-miR-449b-5p	0	0	0	2	0	0	0	1	1	0	2	1	1	0	0	0	0	2
hsa-miR-449c-5p	1	3	0	1	1	0	1	2	1	2	2	2	2	2	2	1	0	0
hsa-miR-4504	0	0	0	2	0	0	0	0	0	0	0	0	0	1	0	0	0	1
hsa-miR-4508	0	0	0	0	0	0	0	0	1	0	0	0	0	0	0	0	0	0
hsa-miR-450a-1-3p	4	8	2	9	1	2	3	3	2	2	2	3	11	10	1	2	5	12
hsa-miR-450a-2-3p	0	0	1	0	2	0	0	0	1	0	0	1	1	1	0	1	2	0
hsa-miR-450a-5p	14	8	5	14	8	2	2	6	7	8	8	2	46	3	0	0	8	12
hsa-miR-450b-5p	12	18	16	20	11	7	6	9	6	16	4	2	19	25	15	13	21	25
hsa-miR-4510	0	0	0	0	0	1	0	1	1	0	0	0	1	0	0	0	0	0
hsa-miR-4511	0	0	1	1	0	0	0	0	0	1	0	1	1	0	0	0	1	1
hsa-miR-4512	2	3	0	1	1	0	0	0	0	0	0	1	1	1	0	0	2	0
hsa-miR-4516	0	2	0	0	0	0	0	0	0	0	4	4	1	0	0	0	0	0
hsa-miR-4517	10	7	1	13	3	1	2	2	2	3	3	3	18	16	6	0	9	12
hsa-miR-451a	0	0	0	0	0	0	0	0	0	0	0	0	0	0	0	0	0	1
hsa-miR-452-3p	0	0	0	0	0	0	0	0	0	0	0	0	0	0	0	0	0	1
hsa-miR-452-5p	106	137	71	145	101	42	74	115	74	58	89	82	299	163	48	51	114	140
hsa-miR-4521	49	50	20	62	22	10	38	59	35	17	43	43	57	53	22	10	51	32
hsa-miR-4522	0	0	0	0	1	0	0	0	0	0	0	0	0	0	0	0	0	0
hsa-miR-4523	0	0	2	1	0	0	1	1	0	2	0	0	2	1	0	1	0	0
hsa-miR-4524a-3p	0	0	0	0	0	0	0	0	0	0	0	0	1	0	0	0	0	1
hsa-miR-4525	9	9	3	11	6	9	9	8	2	8	6	6	11	9	3	10	13	7
hsa-miR-4534	0	0	0	1	0	0	0	0	0	0	0	0	0	0	0	0	0	0
hsa-miR-4536-3p	0	0	0	0	2	0	0	0	0	0	0	0	0	0	0	0	0	0
hsa-miR-454-3p	931	989	512	1175	574	179	429	551	313	466	494	327	1656	1519	546	377	1245	1397
hsa-miR-454-5p	37	49	25	52	42	15	20	32	14	37	28	9	38	58	33	25	49	32
hsa-miR-455-3p	168	335	147	349	134	90	128	294	135	107	135	129	310	252	81	144	360	208
hsa-miR-455-5p	2	7	5	1	5	2	2	5	3	3	5	0	15	2	1	1	3	8
hsa-miR-4635	0	0	0	2	1	0	0	1	0	1	0	0	2	0	0	0	0	0
hsa-miR-4637	0	0	0	1	0	0	0	0	0	0	0	0	0	0	1	0	1	0
hsa-miR-4638-3p	0	0	0	0	0	0	1	0	0	0	1	0	0	0	1	0	0	0
hsa-miR-4639-3p	0	0	1	0	0	1	1	0	0	0	0	0	0	0	0	0	0	1
hsa-miR-4640-3p	24	38	24	38	20	12	22	41	15	33	22	21	46	50	14	20	53	28
hsa-miR-4640-5p	1	8	2	9	7	3	7	4	4	6	1	5	4	5	1	2	7	7
hsa-miR-4641	4	0	3	6	3	0	0	2	1	0	0	0	7	4	2	0	0	2
hsa-miR-4642	0	0	0	0	0	0	0	0	0	0	0	0	0	0	0	0	1	0
hsa-miR-4643	0	0	0	0	0	0	0	0	0	0	0	0	1	0	0	0	0	0
hsa-miR-4644	0	0	0	0	0	0	0	0	0	0	0	2	1	0	0	0	0	0
hsa-miR-4646-3p	1	0	0	0	1	3	0	3	0	0	0	0	0	1	0	0	0	0
hsa-miR-4646-5p	1	1	0	0	2	0	0	0	1	0	1	1	1	0	0	0	2	0
hsa-miR-4647	0	3	0	0	0	0	0	0	0	2	1	1	1	1	1	0	1	0
hsa-miR-4648	0	1	0	1	0	0	0	0	0	0	0	0	2	0	0	1	0	0
hsa-miR-4651	0	1	0	0	0	0	1	1	0	0	1	0	0	0	0	0	0	0
hsa-miR-4653-3p	2	0	0	2	0	0	0	0	0	0	0	0	0	0	0	1	0	0
hsa-miR-4654	0	0	0	0	1	0	0	2	0	1	0	1	1	1	0	0	0	0
hsa-miR-4655-3p	0	0	0	2	1	0	0	0	0	0	0	0	0	0	0	0	0	0
hsa-miR-4655-5p	2	2	0	1	0	0	1	0	1	0	2	0	3	3	0	0	2	1
hsa-miR-4657	0	0	0	0	0	0	0	0	0	0	0	0	0	0	0	0	1	0
hsa-miR-4658	0	3	1	3	1	0	2	0	0	0	5	3	0	1	1	0	0	2
hsa-miR-4659a-3p	1	0	1	1	0	0	0	1	0	0	0	0	0	2	0	0	2	0
hsa-miR-4659a-5p	0	0	0	1	0	0	0	0	0	0	1	0	0	2	1	0	0	0
hsa-miR-466	5	3	1	2	5	0	1	0	3	0	0	0	1	2	0	0	6	3
hsa-miR-4661-3p	0	0	0	0	0	0	0	0	0	0	0	0	1	0	0	0	0	0
hsa-miR-4661-5p	0	0	0	0	0	0	0	0	0	0	0	0	0	0	0	0	1	0
hsa-miR-4662a-5p	0	0	0	2	1	0	0	1	0	2	1	0	0	2	2	1	1	1
hsa-miR-4664-3p	1	2	0	4	1	0	2	1	0	1	1	1	4	1	0	0	4	4
hsa-miR-4664-5p	4	11	5	15	4	2	3	7	2	6	4	8	5	8	5	4	11	12
hsa-miR-4665-5p	2	4	1	3	0	0	7	3	1	0	1	0	4	1	0	0	5	1
hsa-miR-4666a-5p	0	0	0	0	0	0	0	0	0	0	0	0	2	0	0	0	0	0
hsa-miR-4667-3p	0	0	0	0	1	0	0	2	0	0	0	0	0	0	1	0	0	0
hsa-miR-4667-5p	0	2	0	0	4	0	1	0	0	1	1	0	0	0	0	1	1	0
hsa-miR-4668-3p	0	0	1	1	0	0	0	0	0	1	1	0	1	3	0	0	0	1
hsa-miR-4668-5p	0	0	0	0	0	1	0	0	0	0	0	0	0	0	0	0	0	0
hsa-miR-4670-5p	0	0	0	0	0	0	0	0	0	0	0	0	1	0	0	0	0	0
hsa-miR-4671-3p	0	0	0	0	0	0	0	0	1	0	0	0	0	0	0	0	0	0
hsa-miR-4672	0	0	0	0	0	0	0	0	0	0	0	0	0	1	0	0	0	0
hsa-miR-4674	0	0	0	0	0	1	0	0	0	0	0	0	0	0	0	0	0	0
hsa-miR-4676-3p	2	3	1	5	1	2	0	0	1	0	0	1	2	1	1	1	7	4
hsa-miR-4676-5p	1	2	2	4	1	2	3	2	0	2	5	2	2	0	2	1	2	1
hsa-miR-4677-3p	0	1	0	4	0	0	1	1	2	0	2	0	7	4	0	0	2	1
hsa-miR-4677-5p	1	4	3	2	0	1	2	0	1	2	3	1	1	0	4	2	7	2
hsa-miR-4683	0	0	0	0	0	0	0	0	0	0	0	0	1	0	0	0	1	0
hsa-miR-4684-3p	0	0	0	2	0	0	0	0	0	0	0	0	1	1	0	0	2	0
hsa-miR-4684-5p	2	0	0	3	0	0	1	0	1	0	0	1	4	0	0	0	3	0
hsa-miR-4685-3p	2	2	3	6	1	1	1	2	3	2	3	2	1	2	1	5	4	4
hsa-miR-4687-3p	0	0	1	3	0	2	0	0	0	0	0	1	0	1	0	0	1	0
hsa-miR-4687-5p	3	4	0	4	5	2	1	8	3	0	1	3	3	5	0	3	9	5
hsa-miR-4688	0	0	0	0	0	0	0	0	0	1	0	0	0	0	0	0	0	0
hsa-miR-4689	0	2	1	0	0	0	0	0	0	0	0	0	1	2	0	2	0	0
hsa-miR-4690-3p	1	0	1	2	0	0	0	3	0	2	0	0	4	0	1	1	0	2
hsa-miR-4691-3p	0	0	0	0	0	0	0	1	0	1	0	0	0	0	0	0	0	0
hsa-miR-4691-5p	0	0	0	0	1	0	0	0	0	0	0	0	0	0	0	0	0	0
hsa-miR-4692	0	0	0	0	0	0	0	0	0	0	0	0	0	0	0	0	0	1
hsa-miR-4695-3p	0	0	1	0	0	0	0	0	0	1	0	0	0	0	0	0	0	1
hsa-miR-4695-5p	1	0	0	2	1	0	0	1	0	0	0	1	1	0	0	0	0	0
hsa-miR-4697-5p	0	0	0	0	0	0	1	1	0	0	0	0	0	0	0	0	0	0
hsa-miR-4698	1	0	0	0	0	0	0	0	0	0	0	0	0	0	0	0	0	0
hsa-miR-4700-5p	0	0	0	0	0	0	1	0	0	1	1	0	0	0	0	1	1	0
hsa-miR-4701-3p	1	1	0	0	0	0	0	1	1	0	0	0	1	0	0	0	0	0
hsa-miR-4701-5p	0	0	0	0	0	0	0	0	1	1	0	0	0	2	0	0	1	0
hsa-miR-4706	0	1	0	5	1	0	0	0	1	1	3	0	3	1	0	0	0	2
hsa-miR-4707-3p	0	2	1	2	0	1	0	3	2	0	0	1	3	3	2	0	2	4
hsa-miR-4707-5p	0	3	1	4	2	2	0	1	1	1	2	0	3	1	0	2	6	0
hsa-miR-4708-5p	0	0	0	1	0	0	0	1	0	0	0	0	0	0	0	0	0	1
hsa-miR-4710	0	0	0	0	0	0	1	1	0	0	0	0	0	0	1	0	1	0
hsa-miR-4713-3p	0	0	0	0	0	0	0	1	0	0	0	0	0	0	0	0	0	0
hsa-miR-4714-3p	0	0	0	2	1	0	0	0	1	0	1	0	0	0	1	0	1	0
hsa-miR-4716-3p	0	0	0	0	0	0	0	1	1	0	0	0	0	0	0	0	0	0
hsa-miR-4716-5p	0	0	0	0	0	0	1	0	0	0	0	0	0	0	0	0	0	0
hsa-miR-4717-3p	1	4	2	1	0	0	0	1	2	1	0	0	1	2	0	0	0	1
hsa-miR-4721	0	0	0	0	0	0	0	0	0	0	0	0	0	0	0	0	1	0
hsa-miR-4722-5p	0	0	0	1	0	0	0	1	0	1	0	1	0	0	0	0	0	0
hsa-miR-4723-3p	4	2	2	4	2	2	1	3	2	0	6	3	0	1	5	3	7	4
hsa-miR-4723-5p	0	2	2	1	1	0	0	2	1	0	0	1	1	5	0	1	2	3
hsa-miR-4724-3p	0	0	0	0	0	0	0	0	1	0	0	0	0	0	0	0	0	0
hsa-miR-4724-5p	0	1	0	0	1	0	1	1	0	0	1	1	0	1	0	0	0	0
hsa-miR-4725-3p	8	9	4	11	2	5	3	10	0	3	5	3	10	5	4	2	5	2
hsa-miR-4725-5p	1	2	1	1	0	2	2	2	1	0	0	3	2	0	1	0	2	0
hsa-miR-4726-3p	1	3	0	1	0	0	0	2	1	1	0	1	1	0	0	0	1	1
hsa-miR-4726-5p	4	6	0	5	2	1	8	7	4	2	0	0	7	2	1	6	3	4
hsa-miR-4727-3p	1	1	1	2	0	1	0	1	1	1	4	0	0	2	1	1	0	1
hsa-miR-4728-3p	1455	1660	840	1830	799	400	930	1559	908	752	1000	794	1892	1824	671	527	1955	1336
hsa-miR-4728-5p	107	108	67	130	40	36	83	128	49	48	42	40	131	115	42	57	126	57
hsa-miR-4729	0	1	0	0	0	0	0	0	0	0	0	0	0	0	0	0	0	0
hsa-miR-4730	1	0	0	1	1	0	4	0	1	0	0	0	1	0	1	0	0	1
hsa-miR-4733-3p	0	0	0	0	0	0	0	1	0	0	0	0	0	0	0	0	0	1
hsa-miR-4733-5p	1	0	0	0	0	1	0	1	0	0	0	0	0	0	0	0	0	0
hsa-miR-4734	5	0	1	5	3	1	1	1	2	1	1	0	3	3	0	0	4	1
hsa-miR-4738-3p	0	0	2	0	0	0	2	1	0	0	1	1	1	1	0	0	0	0
hsa-miR-4739	1	0	0	1	0	0	0	1	0	0	1	0	0	0	1	0	0	1
hsa-miR-4741	3	10	2	9	4	2	8	11	3	4	8	16	11	5	7	6	9	10
hsa-miR-4742-3p	1	1	1	4	5	2	0	3	2	1	3	2	7	7	2	2	4	9
hsa-miR-4742-5p	7	6	2	7	1	1	8	3	2	3	0	6	7	10	1	2	3	3
hsa-miR-4743-3p	0	1	0	0	0	0	1	0	0	0	0	0	0	0	0	0	0	0
hsa-miR-4743-5p	0	0	0	1	0	0	0	0	0	0	0	0	0	0	0	0	0	0
hsa-miR-4745-3p	5	12	13	19	17	11	2	5	7	10	22	15	14	8	4	7	25	3
hsa-miR-4745-5p	21	15	8	16	21	4	8	12	6	10	10	11	13	15	11	11	19	7
hsa-miR-4746-5p	1	3	1	0	2	0	0	4	1	1	2	1	3	3	0	2	1	5
hsa-miR-4747-3p	0	0	0	0	0	1	0	0	0	0	0	0	2	0	0	1	3	0
hsa-miR-4747-5p	0	0	0	0	0	1	1	3	0	1	1	0	2	0	0	0	0	1
hsa-miR-4748	0	0	1	0	1	0	0	1	0	0	0	1	3	1	0	1	0	1
hsa-miR-4749-3p	2	3	2	2	0	0	2	1	3	4	1	1	4	6	0	3	6	4
hsa-miR-4749-5p	3	3	1	4	1	1	2	4	3	1	1	2	3	2	0	1	3	2
hsa-miR-4750-3p	0	0	0	0	0	0	0	0	0	0	0	0	0	0	0	0	1	0
hsa-miR-4750-5p	1	1	0	3	1	1	1	2	2	2	3	0	0	3	0	1	0	0
hsa-miR-4753-3p	1	6	0	0	2	0	0	1	0	0	0	1	0	1	0	0	2	0
hsa-miR-4753-5p	0	0	0	1	0	0	1	0	1	1	0	2	0	1	0	0	0	0
hsa-miR-4754	0	1	0	0	0	0	0	0	0	0	0	0	0	0	0	0	0	0
hsa-miR-4755-3p	1	0	1	0	0	0	0	0	0	0	0	0	0	0	0	0	0	0
hsa-miR-4755-5p	3	3	1	6	2	2	0	0	0	0	1	3	4	4	2	1	2	1
hsa-miR-4756-5p	1	1	0	0	1	0	0	1	1	0	0	0	0	0	0	0	1	0
hsa-miR-4758-3p	41	53	22	66	33	24	24	41	23	22	30	27	56	54	27	37	54	43
hsa-miR-4758-5p	20	13	13	26	18	11	6	17	8	13	17	25	29	26	12	7	25	12
hsa-miR-4761-3p	0	0	0	1	0	0	0	0	0	0	0	0	0	0	0	0	0	0
hsa-miR-4762-3p	0	0	0	1	0	0	0	0	0	0	0	0	1	0	0	1	1	0
hsa-miR-4762-5p	0	2	1	1	0	1	1	0	0	1	1	0	0	1	1	1	0	1
hsa-miR-4763-3p	1	0	0	1	3	0	1	0	2	4	6	2	0	2	3	0	1	2
hsa-miR-4763-5p	6	7	4	13	5	1	4	4	5	4	4	6	10	9	1	1	4	2
hsa-miR-4764-5p	0	0	0	3	0	0	0	0	0	0	0	0	0	0	0	0	0	0
hsa-miR-4766-3p	0	0	0	1	3	0	0	0	0	0	1	1	1	2	4	0	1	1
hsa-miR-4766-5p	1	2	1	1	0	0	0	0	0	0	0	1	0	0	0	0	0	0
hsa-miR-4767	1	1	2	1	0	0	1	1	1	1	0	0	1	0	0	0	0	1
hsa-miR-4768-5p	0	2	2	0	2	0	1	0	1	0	0	0	0	0	0	1	1	0
hsa-miR-4769-3p	0	0	0	1	0	0	1	1	0	1	1	1	0	0	0	0	2	1
hsa-miR-4773	0	0	0	0	0	0	0	4	0	0	2	0	4	0	0	2	2	0
hsa-miR-4774-5p	0	0	0	0	0	1	0	0	0	0	0	0	0	0	0	0	0	0
hsa-miR-4775	0	0	0	0	0	0	0	0	0	0	0	0	0	0	0	0	0	1
hsa-miR-4778-5p	0	1	0	0	0	0	0	0	0	0	0	0	0	0	0	0	0	0
hsa-miR-4779	0	0	1	1	0	1	1	0	0	0	0	2	0	0	0	0	0	0
hsa-miR-4780	0	1	0	0	0	0	0	1	0	1	0	1	2	2	1	0	4	0
hsa-miR-4781-3p	0	2	0	0	0	0	0	0	0	0	0	0	1	0	0	0	0	0
hsa-miR-4781-5p	0	0	0	0	0	0	0	0	0	0	0	0	0	0	0	2	0	0
hsa-miR-4783-3p	2	1	2	3	3	0	4	3	2	2	1	4	2	2	2	3	2	2
hsa-miR-4783-5p	0	0	1	0	0	1	0	0	0	0	0	0	0	0	1	1	0	0
hsa-miR-4785	0	2	0	3	0	1	2	3	0	1	2	2	4	1	3	0	1	0
hsa-miR-4786-5p	0	0	0	1	0	0	0	0	0	0	0	0	0	0	0	0	0	0
hsa-miR-4787-3p	5	12	14	9	9	1	10	14	5	4	7	6	13	16	1	10	18	8
hsa-miR-4787-5p	0	1	0	0	0	0	2	0	0	0	0	0	0	0	0	0	0	0
hsa-miR-4789-3p	2	7	1	8	9	2	1	6	5	0	6	2	2	5	1	2	4	7
hsa-miR-4789-5p	0	0	0	1	0	0	0	0	0	0	0	0	1	0	0	0	0	0
hsa-miR-4791	0	1	0	0	0	0	1	0	0	0	0	0	1	1	0	0	0	0
hsa-miR-4795-3p	0	0	0	0	0	0	1	1	0	0	0	0	0	1	0	0	0	0
hsa-miR-4796-3p	0	0	0	0	1	0	0	0	0	0	1	0	0	2	0	1	0	0
hsa-miR-4796-5p	1	0	0	0	0	1	0	0	0	0	0	1	0	1	0	0	0	0
hsa-miR-4797-3p	0	0	0	0	0	0	0	0	0	0	0	1	1	0	0	0	0	0
hsa-miR-4797-5p	0	0	0	0	0	1	0	0	0	0	0	0	0	0	0	0	0	0
hsa-miR-4799-3p	0	0	0	0	0	0	0	0	0	0	0	0	1	0	0	0	0	0
hsa-miR-4799-5p	0	0	0	0	0	0	1	0	0	2	1	0	1	0	0	0	1	0
hsa-miR-4800-3p	1	1	0	0	0	0	1	0	1	1	0	0	1	0	0	0	1	0
hsa-miR-4800-5p	0	0	0	0	0	0	0	0	0	0	0	0	0	0	0	0	1	0
hsa-miR-4801	0	0	0	0	0	0	0	0	0	0	0	0	1	0	0	0	0	0
hsa-miR-4802-3p	0	0	0	1	0	0	0	0	0	0	0	0	0	1	0	0	0	0
hsa-miR-4802-5p	0	0	0	2	0	0	0	0	0	0	1	1	0	0	0	0	0	1
hsa-miR-4804-3p	1	1	0	0	2	1	1	0	1	0	0	0	0	2	1	1	4	0
hsa-miR-4804-5p	17	9	10	14	5	6	9	11	3	4	9	8	8	11	4	13	13	8
hsa-miR-483-3p	1	2	5	4	39	37	2	2	6	5	158	101	0	2	0	1	2	3
hsa-miR-483-5p	0	1	0	0	3	3	0	0	1	2	19	17	0	0	0	0	0	1
hsa-miR-484	325	443	222	434	309	202	237	426	231	127	267	232	787	423	185	216	660	407
hsa-miR-485-3p	23	19	10	17	19	10	11	16	9	9	20	11	21	20	9	6	23	17
hsa-miR-485-5p	2	2	2	6	7	1	3	0	0	3	4	0	3	3	1	1	1	4
hsa-miR-486-3p	0	0	0	0	4	0	0	0	0	0	0	0	0	0	0	0	2	0
hsa-miR-486-5p	12	6	3	6	2	0	0	2	2	2	2	0	4	4	4	4	2	0
hsa-miR-487a-3p	2	0	1	5	1	1	0	3	2	3	2	6	13	4	0	0	0	3
hsa-miR-487a-5p	3	6	6	6	5	2	3	6	2	4	2	1	7	4	5	7	11	7
hsa-miR-487b-3p	50	53	37	58	21	25	16	24	24	18	30	32	107	69	25	21	61	92
hsa-miR-487b-5p	0	1	0	1	0	0	0	2	0	0	0	0	3	1	0	2	0	0
hsa-miR-489-3p	2	1	0	2	1	1	0	1	1	0	0	0	7	2	1	0	2	1
hsa-miR-491-3p	2	3	1	6	1	0	1	2	2	4	1	0	9	4	5	0	2	4
hsa-miR-491-5p	10	18	5	19	11	10	16	23	7	9	10	11	28	12	4	6	23	10
hsa-miR-492	0	2	0	0	2	0	0	1	0	0	0	3	0	0	0	0	1	2
hsa-miR-493-5p	0	0	0	0	0	0	0	0	0	0	0	0	0	0	1	0	0	1
hsa-miR-494-3p	17	10	6	17	13	0	6	12	4	2	6	1	61	38	18	5	38	54
hsa-miR-494-5p	0	0	0	0	0	0	0	1	0	0	0	0	0	0	0	0	0	0
hsa-miR-495-3p	114	107	65	162	95	38	49	84	41	55	69	53	145	127	38	35	132	144
hsa-miR-495-5p	0	0	0	0	0	0	0	0	1	0	0	2	0	1	0	0	0	1
hsa-miR-496	2	4	0	4	1	0	3	3	0	0	2	1	1	2	1	1	2	2
hsa-miR-497-5p	8	7	2	7	2	3	2	5	1	2	2	4	16	1	4	3	6	7
hsa-miR-4999-3p	0	0	0	3	1	0	0	0	0	0	0	0	1	2	0	0	0	0
hsa-miR-4999-5p	0	1	0	0	0	0	0	0	1	0	0	0	0	0	0	0	0	1
hsa-miR-499a-5p	2	0	0	0	0	0	0	0	0	0	0	0	0	0	0	1	1	3
hsa-miR-499b-3p	1	0	0	0	0	0	1	0	0	0	0	0	0	2	0	0	0	1
hsa-miR-499b-5p	0	0	1	0	0	0	0	0	0	0	0	0	1	1	1	0	0	2
hsa-miR-5000-3p	0	0	0	0	0	1	0	0	0	0	0	0	0	0	0	0	0	0
hsa-miR-5000-5p	0	0	0	0	0	0	0	0	0	0	0	0	0	0	0	0	1	0
hsa-miR-5001-3p	2	3	0	1	0	0	0	2	0	0	2	2	1	4	0	1	1	2
hsa-miR-5001-5p	1	1	0	1	2	0	0	0	0	0	0	1	0	3	0	0	0	0
hsa-miR-5004-5p	0	0	0	0	0	0	0	1	0	1	0	0	0	0	0	0	0	1
hsa-miR-5006-3p	0	0	1	0	0	0	0	0	0	0	0	0	1	0	0	0	0	0
hsa-miR-5006-5p	0	0	0	0	0	0	0	0	0	0	0	0	0	1	0	0	1	0
hsa-miR-5008-3p	1	0	0	1	0	1	0	0	0	0	0	0	0	0	0	0	0	0
hsa-miR-5008-5p	0	0	0	0	0	0	0	0	0	0	0	0	0	0	0	0	1	0
hsa-miR-5009-3p	0	0	0	0	1	0	0	0	0	0	0	0	0	0	0	0	1	0
hsa-miR-500a-3p	93	132	62	148	58	38	68	109	53	49	65	64	121	98	37	51	108	81
hsa-miR-500a-5p	4	10	0	10	0	0	2	10	2	2	2	4	30	14	6	2	14	8
hsa-miR-500b-3p	0	3	0	0	0	0	0	0	0	0	1	2	0	2	0	2	1	3
hsa-miR-500b-5p	2	6	0	8	0	0	2	8	0	2	2	4	16	0	0	2	10	2
hsa-miR-501-3p	34	43	23	31	20	17	24	20	12	17	16	15	39	43	23	10	41	24
hsa-miR-501-5p	12	18	12	34	12	5	9	25	16	7	19	16	21	21	6	4	21	12
hsa-miR-5010-3p	1	1	1	2	1	0	1	1	0	0	0	0	0	1	1	0	4	0
hsa-miR-5010-5p	2	0	1	3	0	0	1	1	0	0	3	1	2	6	0	0	0	2
hsa-miR-502-3p	83	115	55	120	45	31	56	105	45	50	57	58	103	83	38	42	107	63
hsa-miR-502-5p	12	15	16	24	9	4	9	12	14	8	14	11	16	19	6	0	21	13
hsa-miR-503-3p	0	0	1	2	0	1	0	0	1	0	0	1	4	1	3	0	2	4
hsa-miR-503-5p	12	15	8	19	12	7	5	4	6	2	7	10	16	15	5	7	23	14
hsa-miR-505-3p	146	223	110	241	116	75	117	210	151	74	126	90	381	205	87	82	236	183
hsa-miR-505-5p	101	121	56	124	62	23	66	107	37	51	78	71	99	105	45	25	137	79
hsa-miR-508-3p	0	0	0	0	0	0	0	0	0	0	0	0	0	0	0	0	0	1
hsa-miR-508-5p	0	0	0	0	0	0	0	0	0	0	0	0	1	1	0	0	0	0
hsa-miR-5088-3p	3	1	4	1	1	0	0	1	1	0	1	0	0	5	2	4	1	2
hsa-miR-5088-5p	0	6	2	6	0	1	2	0	1	6	1	1	1	2	0	2	3	2
hsa-miR-509-3p	0	0	0	0	0	0	0	0	0	0	0	0	3	0	0	0	0	3
hsa-miR-5090	0	2	0	2	0	0	1	1	1	1	0	0	0	2	0	0	1	0
hsa-miR-5092	0	0	0	0	0	0	0	0	0	0	0	0	0	0	0	0	1	0
hsa-miR-5094	2	1	2	1	1	2	0	2	1	0	1	1	5	2	2	1	3	3
hsa-miR-5100	2	0	3	5	0	0	0	2	2	1	10	4	2	0	1	2	1	2
hsa-miR-511-5p	0	0	0	0	0	0	0	0	0	0	0	0	0	0	1	0	0	0
hsa-miR-513a-5p	2	0	0	0	0	0	0	0	0	0	2	0	6	4	0	0	0	2
hsa-miR-513b-5p	0	0	0	1	1	2	0	0	1	0	0	1	0	0	0	0	0	0
hsa-miR-513c-5p	0	1	0	0	0	0	0	1	0	0	0	0	1	2	0	0	0	1
hsa-miR-514a-3p	0	0	3	0	0	0	0	0	0	0	0	0	0	0	0	0	0	0
hsa-miR-516a-5p	0	2	2	0	0	0	0	0	0	0	0	0	0	0	2	0	0	0
hsa-miR-517-5p	0	0	0	0	0	0	0	3	0	0	0	0	0	0	0	0	0	0
hsa-miR-517a-3p	0	0	0	0	0	0	0	0	0	0	0	0	1	0	0	0	0	0
hsa-miR-517b-3p	0	0	0	0	0	0	0	0	0	0	0	0	1	0	0	0	0	0
hsa-miR-517c-3p	1	0	0	0	0	0	0	0	0	0	0	0	2	0	0	0	0	0
hsa-miR-5187-3p	0	0	0	0	0	0	0	1	0	0	0	0	0	1	0	0	0	0
hsa-miR-5187-5p	0	1	0	2	3	2	0	6	0	0	1	0	2	3	1	0	1	3
hsa-miR-5189-5p	0	0	0	0	0	0	0	0	0	0	0	0	0	1	0	0	0	0
hsa-miR-518b	0	0	0	0	0	0	0	1	0	0	0	0	0	0	0	0	0	0
hsa-miR-518e-5p	0	0	0	0	0	0	0	0	0	0	5	0	0	0	0	0	0	0
hsa-miR-5193	0	0	1	1	1	2	0	0	0	0	5	0	0	2	0	1	1	0
hsa-miR-5194	0	0	0	0	0	0	0	0	0	0	2	0	0	0	0	0	1	1
hsa-miR-519a-5p	0	0	0	0	0	0	0	0	0	0	5	0	0	0	0	0	0	0
hsa-miR-519b-5p	0	0	0	0	0	0	0	0	0	0	5	0	0	0	0	0	0	0
hsa-miR-519c-5p	0	0	0	0	0	0	0	0	0	0	5	0	0	0	0	0	0	0
hsa-miR-519d-3p	0	0	0	0	0	0	0	0	0	0	0	0	0	1	0	0	0	0
hsa-miR-520f-3p	0	0	0	0	0	0	0	0	0	0	1	0	0	0	0	0	0	0
hsa-miR-522-5p	0	0	0	0	0	0	0	0	0	0	5	0	0	0	0	0	0	0
hsa-miR-523-5p	0	0	0	0	0	0	0	0	0	0	5	0	0	0	0	0	0	0
hsa-miR-525-5p	0	0	0	0	1	0	0	0	0	0	0	0	0	0	0	0	0	0
hsa-miR-532-3p	460	546	282	645	317	187	311	484	319	227	324	280	806	542	231	275	598	497
hsa-miR-532-5p	199	325	163	361	200	124	136	290	152	121	179	162	702	315	118	144	361	270
hsa-miR-539-3p	1	2	0	3	2	2	0	0	0	1	0	0	30	0	1	0	3	10
hsa-miR-539-5p	17	27	20	38	27	15	15	17	16	17	22	20	31	40	10	12	22	22
hsa-miR-541-3p	1	0	0	1	2	1	0	0	0	0	0	0	0	0	0	1	0	0
hsa-miR-541-5p	0	0	0	0	0	0	0	0	0	0	1	1	0	0	0	0	0	0
hsa-miR-542-3p	7	19	8	15	11	3	3	6	5	7	8	1	90	22	8	9	26	36
hsa-miR-542-5p	1	3	0	3	0	0	2	9	2	2	3	2	0	2	3	0	2	1
hsa-miR-543	57	62	32	69	40	34	21	35	15	14	25	28	48	60	16	22	60	50
hsa-miR-544b	3	0	1	3	1	0	1	4	0	1	2	2	2	3	0	3	0	2
hsa-miR-545-5p	0	1	0	1	2	3	2	0	1	0	2	0	4	2	1	0	0	0
hsa-miR-548a-3p	15	9	6	0	9	9	3	9	6	6	3	3	29	21	6	6	12	18
hsa-miR-548ac	0	0	0	0	0	0	0	0	0	0	1	0	0	0	0	0	0	0
hsa-miR-548ag	0	0	0	0	0	0	1	0	0	0	0	0	0	0	0	0	0	0
hsa-miR-548ah-3p	0	0	0	0	0	2	0	0	2	0	0	0	4	2	0	0	0	2
hsa-miR-548ai	0	0	0	0	0	0	0	0	0	0	0	2	2	0	0	0	0	0
hsa-miR-548al	0	0	0	0	0	0	0	0	0	0	0	0	1	0	2	0	1	0
hsa-miR-548am-3p	0	0	0	1	0	1	0	0	1	0	0	0	2	0	0	0	0	1
hsa-miR-548as-5p	0	0	1	0	0	0	0	0	0	0	1	0	0	0	0	0	0	0
hsa-miR-548at-3p	0	0	0	0	0	0	0	0	0	0	0	0	0	0	0	0	0	1
hsa-miR-548av-3p	8	6	6	20	8	7	8	22	15	16	18	6	20	20	6	12	8	16
hsa-miR-548aw	0	0	0	0	0	0	0	1	0	0	0	0	1	1	0	0	1	1
hsa-miR-548ay-3p	2	1	5	5	2	2	1	0	1	1	0	0	6	3	0	1	4	2
hsa-miR-548az-5p	0	0	0	0	0	0	0	0	0	0	0	0	0	1	0	0	0	0
hsa-miR-548b-3p	9	23	15	28	18	7	6	20	14	13	9	15	49	15	8	3	21	16
hsa-miR-548d-3p	32	40	24	36	16	8	8	18	20	10	6	4	120	54	10	12	44	110
hsa-miR-548e-3p	3	2	0	0	1	0	1	2	0	0	2	0	2	2	0	0	1	1
hsa-miR-548f-3p	0	0	0	0	2	0	0	0	0	0	0	0	0	0	0	0	0	0
hsa-miR-548h-3p	0	0	0	0	0	0	0	4	0	0	0	0	0	0	0	0	0	0
hsa-miR-548j-3p	0	1	1	0	0	0	0	1	0	0	0	0	1	0	0	0	0	0
hsa-miR-548l	0	0	1	1	0	2	0	0	0	0	0	0	1	0	0	1	0	1
hsa-miR-548o-3p	8	6	6	20	8	4	8	22	12	16	18	6	16	19	6	12	8	14
hsa-miR-548p	0	0	0	0	0	1	0	0	1	0	0	0	2	1	0	0	0	1
hsa-miR-548q	0	1	0	0	0	0	0	0	0	0	0	1	0	0	0	0	0	1
hsa-miR-548s	2	2	0	0	1	0	0	2	1	0	1	1	2	1	0	1	0	0
hsa-miR-548t-5p	0	0	0	1	0	0	0	0	0	0	0	0	2	0	0	0	0	0
hsa-miR-548v	0	0	0	0	1	0	0	1	0	1	0	1	4	0	0	1	0	1
hsa-miR-548x-3p	1	0	0	0	0	2	0	0	1	0	0	0	0	0	0	0	0	0
hsa-miR-548z	0	0	0	0	0	0	0	4	0	0	0	0	0	0	0	0	0	0
hsa-miR-549a-3p	0	0	0	0	0	0	0	0	0	0	0	0	0	2	1	0	0	1
hsa-miR-549a-5p	6	0	0	2	3	1	0	0	0	0	2	0	3	0	3	0	2	0
hsa-miR-550a-3-5p	62	117	61	83	55	37	60	103	58	66	77	81	103	79	33	33	100	72
hsa-miR-550a-3p	36	36	24	84	24	30	27	57	42	15	39	36	48	30	30	9	93	21
hsa-miR-550a-5p	54	100	54	74	50	30	54	88	52	58	64	62	86	64	30	26	80	66
hsa-miR-550b-2-5p	0	0	0	0	0	0	0	2	2	0	0	0	2	4	0	0	2	0
hsa-miR-550b-3p	0	4	0	0	0	0	0	0	0	0	0	0	0	0	0	0	0	0
hsa-miR-551a	7	23	13	30	8	6	9	16	12	9	9	8	17	8	8	14	37	15
hsa-miR-551b-3p	0	4	1	3	4	0	0	3	2	1	3	3	4	1	0	0	3	2
hsa-miR-551b-5p	6	3	0	0	2	0	0	1	2	1	0	0	4	0	0	1	1	0
hsa-miR-552-5p	0	0	0	0	0	0	0	0	0	0	0	0	0	0	0	0	0	1
hsa-miR-556-3p	58	63	41	63	25	35	40	48	25	34	45	48	38	47	8	28	47	27
hsa-miR-556-5p	1	0	0	3	0	0	4	2	2	1	1	1	7	1	0	1	1	2
hsa-miR-5580-3p	2	0	2	1	1	0	0	0	0	0	1	0	1	0	2	1	0	1
hsa-miR-5580-5p	0	0	0	0	0	0	0	0	0	0	0	0	0	1	0	0	0	0
hsa-miR-5581-3p	0	1	0	2	0	0	0	0	0	0	0	0	3	0	0	0	0	0
hsa-miR-5582-3p	1	4	1	1	1	1	0	0	1	1	1	1	0	1	2	3	1	2
hsa-miR-5582-5p	1	0	0	0	0	0	0	0	0	0	0	0	0	1	0	0	0	0
hsa-miR-5583-3p	2	4	2	16	4	0	0	2	0	6	2	2	6	4	2	0	8	2
hsa-miR-5584-5p	0	0	0	0	0	0	0	0	0	0	0	0	2	1	0	0	0	0
hsa-miR-5587-3p	0	0	0	0	0	1	0	0	0	0	1	0	0	0	0	0	0	0
hsa-miR-5588-5p	0	0	0	0	0	0	1	0	0	0	0	0	0	0	0	0	0	0
hsa-miR-5589-3p	0	0	0	0	0	0	0	0	0	0	0	0	0	1	0	0	2	0
hsa-miR-5589-5p	1	1	0	1	0	0	0	0	0	0	0	0	0	0	0	0	1	0
hsa-miR-559	0	0	1	0	0	0	1	0	0	0	1	0	1	0	0	0	1	0
hsa-miR-561-3p	0	1	2	5	5	0	0	0	0	5	1	0	8	3	2	1	1	2
hsa-miR-561-5p	0	0	0	0	0	1	0	1	0	1	0	0	0	1	0	0	0	3
hsa-miR-5684	0	0	0	0	0	0	0	0	0	0	0	0	1	0	0	0	0	0
hsa-miR-5685	0	0	0	0	0	0	0	0	0	0	0	0	0	0	1	0	0	0
hsa-miR-5690	4	9	8	5	4	2	2	3	0	8	7	6	2	5	2	12	9	4
hsa-miR-5695	0	0	0	1	0	0	0	0	0	0	0	0	0	0	0	0	0	0
hsa-miR-5696	0	0	0	0	0	0	0	1	0	0	0	0	1	0	0	0	1	2
hsa-miR-5697	0	1	0	2	1	0	0	0	1	0	0	0	1	0	0	0	0	1
hsa-miR-5698	0	1	0	1	0	0	0	1	0	0	0	2	0	0	1	0	0	0
hsa-miR-5699-3p	0	0	1	0	2	1	0	0	0	0	0	2	2	1	0	0	2	1
hsa-miR-5699-5p	1	5	5	3	1	4	3	3	3	1	2	0	2	4	1	2	3	1
hsa-miR-570-3p	14	20	10	15	13	1	4	7	3	6	8	4	47	34	4	5	18	28
hsa-miR-570-5p	0	0	0	0	0	0	0	0	0	0	0	2	2	0	0	0	0	0
hsa-miR-5701	267	402	246	450	219	159	120	135	114	129	174	111	288	252	192	258	387	216
hsa-miR-5702	0	0	0	0	0	0	0	0	0	0	0	0	1	0	0	0	1	0
hsa-miR-5703	0	0	0	0	1	0	0	0	0	1	1	0	0	0	0	0	0	0
hsa-miR-5704	1	0	0	0	0	0	0	0	0	0	0	0	0	0	0	0	0	0
hsa-miR-572	0	0	0	1	0	0	1	0	0	0	0	0	0	5	0	0	2	0
hsa-miR-573	0	1	1	0	0	0	0	0	0	0	0	0	0	0	0	0	0	0
hsa-miR-574-3p	781	854	426	948	528	307	449	669	389	388	404	380	1307	1027	425	522	1182	1175
hsa-miR-574-5p	0	3	2	2	0	0	2	2	0	0	6	2	1	1	1	0	3	1
hsa-miR-576-3p	0	0	0	0	0	1	0	1	0	0	0	0	0	0	0	0	0	0
hsa-miR-576-5p	71	88	54	126	77	26	55	87	49	51	62	65	177	123	42	53	133	112
hsa-miR-577	27	39	28	57	37	17	17	30	18	28	27	23	145	72	28	20	69	99
hsa-miR-578	0	0	0	0	0	0	0	0	0	0	1	0	0	0	0	0	0	0
hsa-miR-5787	0	1	0	1	2	0	1	0	0	0	0	0	0	0	0	0	0	0
hsa-miR-579-3p	0	2	0	0	0	0	0	0	0	1	0	0	0	1	0	0	0	0
hsa-miR-579-5p	0	0	0	1	5	0	0	0	1	2	0	0	1	0	0	0	1	0
hsa-miR-580-3p	0	0	0	0	0	0	1	0	0	0	0	0	3	0	0	0	1	1
hsa-miR-582-3p	1	0	0	0	1	2	0	0	0	0	0	2	7	0	0	0	1	1
hsa-miR-582-5p	4	9	5	10	2	1	1	5	6	2	4	3	57	9	8	2	10	12
hsa-miR-584-3p	12	11	10	17	7	5	2	3	6	3	4	7	15	13	12	5	17	8
hsa-miR-584-5p	16	8	9	11	5	5	3	7	8	2	3	4	15	8	7	3	19	17
hsa-miR-586	1	2	0	2	2	1	0	0	0	0	1	0	1	1	0	0	0	2
hsa-miR-589-3p	14	23	13	18	9	7	10	26	6	5	11	11	18	14	4	5	23	20
hsa-miR-589-5p	17	30	11	21	12	8	15	14	17	8	8	14	39	30	16	16	25	18
hsa-miR-590-3p	62	88	54	121	70	23	43	39	30	45	53	24	264	162	72	39	131	204
hsa-miR-590-5p	19	9	11	31	17	7	7	10	10	3	6	9	77	35	4	7	21	26
hsa-miR-592	0	0	1	0	0	0	0	1	0	0	0	0	0	0	0	0	0	0
hsa-miR-597-3p	0	0	0	0	1	0	1	0	0	1	0	0	1	0	0	0	0	1
hsa-miR-597-5p	0	0	0	3	0	0	0	0	1	0	0	0	0	0	0	0	0	0
hsa-miR-598-3p	0	2	3	2	2	0	0	0	0	0	0	0	7	5	1	1	1	5
hsa-miR-602	0	0	0	3	0	0	0	0	0	0	0	0	1	0	0	0	3	0
hsa-miR-603	0	1	0	0	0	0	0	0	0	0	1	0	0	0	0	0	0	0
hsa-miR-605-3p	0	0	0	0	0	0	0	0	0	0	0	0	0	1	0	0	0	0
hsa-miR-6076	0	0	0	0	0	1	0	0	0	0	0	0	0	0	0	0	0	0
hsa-miR-6089	0	0	0	0	0	2	0	0	2	0	0	4	0	0	0	0	0	0
hsa-miR-6090	1	0	1	0	0	0	0	0	0	0	0	0	0	1	0	0	0	1
hsa-miR-610	1	1	0	1	0	0	0	0	0	0	0	1	1	1	1	0	0	0
hsa-miR-612	0	1	0	0	0	0	0	1	0	0	0	0	0	0	0	0	0	0
hsa-miR-6126	15	12	2	11	3	10	5	2	2	7	7	3	3	5	0	8	9	5
hsa-miR-6131	0	0	0	0	0	0	1	1	0	0	0	0	0	0	0	0	0	0
hsa-miR-615-3p	0	0	0	1	0	1	0	2	0	0	1	0	1	1	0	1	1	0
hsa-miR-615-5p	0	0	0	0	0	1	0	1	0	0	0	0	1	0	1	0	0	0
hsa-miR-616-3p	6	3	7	14	1	2	2	8	1	1	2	3	4	7	4	6	5	2
hsa-miR-616-5p	6	3	2	1	1	1	1	1	3	0	3	3	8	3	2	1	3	3
hsa-miR-618	0	0	0	0	0	0	0	0	0	0	0	0	0	0	0	0	1	0
hsa-miR-622	0	0	0	1	0	1	0	0	0	0	0	1	0	0	0	0	0	0
hsa-miR-624-3p	1	2	2	2	0	0	1	1	0	1	0	1	4	4	0	0	2	1
hsa-miR-624-5p	7	6	10	6	4	1	3	4	4	4	0	1	15	19	4	5	20	25
hsa-miR-625-3p	519	601	376	775	565	234	308	397	236	337	392	265	960	923	446	420	885	775
hsa-miR-625-5p	341	506	288	553	311	195	282	441	239	195	260	291	413	456	134	204	528	310
hsa-miR-627-3p	0	2	2	0	2	3	0	3	1	2	0	0	5	3	0	0	5	3
hsa-miR-627-5p	0	1	2	1	1	0	3	1	1	3	0	3	18	3	2	0	4	7
hsa-miR-628-3p	66	123	53	89	48	34	46	70	28	39	51	51	92	95	22	54	108	84
hsa-miR-628-5p	46	60	25	48	31	6	21	30	16	14	34	11	28	51	15	14	59	25
hsa-miR-629-3p	4	9	8	10	6	0	7	7	3	7	3	3	12	18	6	4	18	16
hsa-miR-629-5p	28	37	18	37	25	15	19	35	10	14	23	22	29	39	12	10	27	13
hsa-miR-636	0	6	1	5	0	0	0	0	3	2	5	2	3	2	0	0	6	3
hsa-miR-638	0	0	0	0	0	0	0	0	0	0	0	0	0	1	0	0	0	0
hsa-miR-641	9	8	4	14	6	2	2	5	9	2	7	3	7	6	1	3	17	7
hsa-miR-642a-3p	8	9	6	13	4	0	12	12	2	3	4	4	2	15	4	1	12	8
hsa-miR-642a-5p	42	56	29	63	34	20	29	52	38	27	34	36	65	49	21	13	79	45
hsa-miR-642b-3p	0	2	3	3	1	0	4	1	0	1	0	0	2	4	0	0	2	2
hsa-miR-642b-5p	2	3	1	3	4	1	1	4	0	0	1	0	1	2	2	0	2	3
hsa-miR-643	1	1	0	1	0	0	0	0	0	0	0	1	0	0	0	1	1	0
hsa-miR-6501-3p	0	1	0	0	0	0	0	0	0	0	0	0	0	0	0	0	0	0
hsa-miR-6505-3p	2	0	0	0	0	0	0	1	0	0	0	0	0	1	0	0	0	0
hsa-miR-6505-5p	0	0	0	0	0	0	0	0	0	1	0	0	0	3	0	0	0	0
hsa-miR-6508-3p	0	0	0	0	0	0	0	0	0	0	0	0	0	1	0	0	0	0
hsa-miR-6509-3p	0	1	0	0	0	0	0	0	0	0	0	0	0	0	0	0	0	0
hsa-miR-6509-5p	0	0	0	0	0	0	0	0	0	0	0	0	0	0	0	0	0	1
hsa-miR-651-3p	0	0	0	0	0	0	0	0	0	0	0	0	0	0	0	0	1	0
hsa-miR-651-5p	0	0	0	0	0	0	0	0	0	0	0	0	5	0	0	0	2	1
hsa-miR-6510-3p	3	2	0	2	1	0	5	1	0	3	3	3	7	8	1	3	3	7
hsa-miR-6510-5p	0	1	1	3	1	0	1	0	1	0	1	1	0	0	0	0	1	0
hsa-miR-6511a-3p	256	188	148	384	168	68	168	228	80	128	264	128	128	312	120	124	244	188
hsa-miR-6511b-3p	57	73	29	49	31	18	40	46	31	27	41	19	45	67	19	16	71	48
hsa-miR-6513-3p	0	0	0	0	0	0	0	0	0	1	0	0	0	0	0	1	0	0
hsa-miR-6513-5p	0	0	2	0	0	0	0	1	0	0	0	0	0	0	0	0	0	0
hsa-miR-6514-3p	0	1	2	1	0	0	0	0	0	0	0	0	0	0	0	1	1	0
hsa-miR-6514-5p	0	2	0	0	1	0	2	2	2	0	0	0	2	1	1	0	2	1
hsa-miR-6515-3p	0	3	0	1	2	0	0	1	0	0	1	0	0	1	1	1	1	0
hsa-miR-6515-5p	0	0	0	0	1	0	0	0	0	2	0	0	1	0	0	0	1	0
hsa-miR-6516-3p	342	432	210	569	222	138	260	408	219	216	292	259	342	345	139	138	420	262
hsa-miR-6516-5p	0	1	0	0	1	0	1	0	0	0	0	0	0	0	0	2	1	0
hsa-miR-652-3p	14	28	16	35	12	4	10	18	10	7	16	14	43	16	7	20	42	15
hsa-miR-652-5p	18	22	7	21	14	7	10	15	7	10	8	12	26	24	7	8	22	28
hsa-miR-6529-5p	2	4	4	3	0	0	0	0	0	0	0	0	0	1	0	0	1	1
hsa-miR-653-5p	0	0	0	0	0	0	0	0	0	0	0	0	0	1	0	0	0	0
hsa-miR-654-3p	32	20	10	16	21	9	16	15	11	9	14	3	48	28	5	6	29	31
hsa-miR-654-5p	2	7	3	2	4	1	1	4	0	4	2	4	8	5	2	1	5	4
hsa-miR-655-3p	10	15	5	5	9	0	2	7	3	4	3	2	49	11	1	6	20	27
hsa-miR-655-5p	0	1	0	0	0	1	0	0	0	0	0	0	1	0	0	0	1	0
hsa-miR-656-3p	32	17	17	34	23	3	10	6	5	7	9	5	17	18	13	10	17	22
hsa-miR-656-5p	0	1	0	0	0	0	0	0	0	0	0	0	0	0	0	0	0	0
hsa-miR-659-3p	1	0	0	0	1	0	0	3	0	0	1	0	1	0	0	0	1	1
hsa-miR-659-5p	0	0	0	0	0	0	0	1	0	0	0	0	1	1	0	0	1	1
hsa-miR-660-3p	3	3	5	9	4	2	6	11	3	0	3	4	8	3	1	2	11	7
hsa-miR-660-5p	294	351	214	435	266	101	120	205	148	184	194	149	1284	478	202	158	517	625
hsa-miR-663a	1	3	1	2	0	0	3	1	1	3	3	2	4	2	0	0	1	0
hsa-miR-664a-3p	407	475	270	513	290	172	229	343	161	235	248	200	285	511	163	175	424	212
hsa-miR-664a-5p	21	17	13	25	19	11	6	25	13	15	11	13	24	23	4	9	20	17
hsa-miR-664b-3p	138	178	72	179	71	68	121	160	70	51	119	108	107	136	39	59	155	73
hsa-miR-664b-5p	3	2	2	4	3	0	3	5	3	4	7	7	3	5	0	1	6	0
hsa-miR-665	0	0	0	0	0	0	0	1	0	0	0	0	0	0	0	0	0	0
hsa-miR-668-3p	1	3	5	2	1	1	2	2	1	2	0	0	1	3	2	1	1	2
hsa-miR-671-3p	9	19	7	17	12	10	7	15	9	2	11	3	16	6	3	2	17	10
hsa-miR-671-5p	83	101	55	118	64	26	55	79	64	53	58	57	127	125	32	52	104	69
hsa-miR-6716-3p	0	2	2	3	2	1	1	1	0	0	1	0	1	2	0	1	6	2
hsa-miR-6716-5p	0	0	0	1	1	0	0	0	0	0	0	0	0	1	0	0	0	0
hsa-miR-6721-5p	9	10	12	17	6	6	4	18	10	6	11	7	15	10	1	6	25	9
hsa-miR-6724-5p	8	0	0	0	0	0	0	0	0	0	0	4	0	0	0	0	4	0
hsa-miR-6726-3p	1	2	0	2	0	0	0	1	0	0	0	1	2	1	0	0	0	0
hsa-miR-6726-5p	0	0	0	0	0	0	0	0	0	0	0	0	1	0	3	0	3	0
hsa-miR-6727-3p	0	2	0	0	0	0	0	0	0	0	0	0	0	0	0	0	0	0
hsa-miR-6727-5p	1	1	0	3	0	1	0	1	1	1	3	0	2	1	0	1	1	1
hsa-miR-6728-3p	0	0	1	0	0	0	0	0	0	0	1	0	0	1	0	0	1	0
hsa-miR-6729-3p	0	0	0	0	0	0	0	0	0	0	0	1	1	0	0	0	0	0
hsa-miR-6729-5p	0	0	0	0	1	0	1	0	1	0	1	0	0	1	0	0	0	0
hsa-miR-6730-3p	1	1	0	2	1	1	2	1	0	0	0	0	3	1	0	0	2	2
hsa-miR-6730-5p	1	0	3	2	1	0	3	1	1	1	1	1	1	2	0	0	1	0
hsa-miR-6732-3p	2	3	4	6	3	1	0	2	2	1	2	1	1	6	2	0	8	2
hsa-miR-6732-5p	0	0	0	1	2	0	0	2	0	0	0	0	2	0	1	2	1	0
hsa-miR-6733-5p	0	1	0	0	0	0	0	1	0	0	0	0	0	0	0	0	0	0
hsa-miR-6734-3p	10	20	5	11	5	3	7	9	5	6	5	10	4	5	5	3	9	4
hsa-miR-6734-5p	5	4	5	2	2	1	2	3	0	0	3	2	3	1	1	0	7	5
hsa-miR-6735-3p	0	0	0	0	0	0	0	0	0	0	1	0	0	1	0	0	0	0
hsa-miR-6735-5p	2	2	2	5	1	1	2	3	1	5	4	5	4	2	0	3	9	5
hsa-miR-6736-3p	1	0	0	0	0	0	0	2	0	0	0	0	0	0	0	0	0	0
hsa-miR-6736-5p	1	1	1	1	0	1	0	0	1	1	0	0	1	1	2	0	0	2
hsa-miR-6737-3p	1	0	1	1	0	0	0	1	0	0	1	1	0	3	0	0	0	0
hsa-miR-6738-3p	1	2	2	3	3	1	2	2	3	0	2	1	4	2	1	1	1	3
hsa-miR-6738-5p	0	0	0	0	0	0	0	0	0	0	0	1	0	2	0	0	0	0
hsa-miR-6739-3p	0	0	2	0	1	0	0	0	1	0	1	0	1	1	0	0	0	0
hsa-miR-6739-5p	0	0	0	0	0	0	0	0	0	0	0	0	3	0	0	0	0	0
hsa-miR-6740-3p	0	1	0	0	0	0	0	0	0	1	0	0	0	0	0	0	0	1
hsa-miR-6740-5p	0	1	0	0	0	0	0	0	0	0	1	0	0	1	0	1	0	0
hsa-miR-6741-3p	4	2	3	1	0	0	0	0	0	0	1	0	4	3	0	1	7	2
hsa-miR-6741-5p	1	0	1	0	0	1	1	0	0	0	0	0	0	0	1	1	1	2
hsa-miR-6742-3p	0	0	0	0	0	0	1	2	0	0	0	0	1	1	0	0	1	0
hsa-miR-6742-5p	0	0	0	0	0	1	1	1	0	0	0	0	1	0	0	0	0	0
hsa-miR-6743-3p	8	5	2	9	2	2	3	4	2	3	5	4	4	10	2	5	9	2
hsa-miR-6743-5p	0	0	0	0	0	0	0	1	0	0	0	0	1	0	0	1	1	0
hsa-miR-6745	0	0	0	0	0	0	0	0	1	0	0	0	0	1	0	0	0	0
hsa-miR-6746-3p	0	1	2	0	0	1	0	0	1	1	1	0	2	0	2	1	1	1
hsa-miR-6746-5p	0	3	0	1	1	0	0	0	0	0	0	1	1	0	0	2	0	0
hsa-miR-6747-3p	5	8	9	4	5	1	0	3	6	3	4	8	5	6	2	6	7	5
hsa-miR-6747-5p	0	0	0	0	0	1	0	0	0	0	0	0	0	0	0	0	0	0
hsa-miR-6748-3p	0	0	0	0	0	0	1	0	0	0	1	0	0	0	0	0	0	0
hsa-miR-6748-5p	0	0	0	0	0	0	1	0	0	0	0	1	0	0	0	0	0	0
hsa-miR-6749-3p	2	1	3	0	0	2	0	0	0	2	0	3	3	3	1	1	2	1
hsa-miR-6749-5p	0	1	0	0	0	0	1	0	1	0	0	0	0	1	0	0	1	0
hsa-miR-675-3p	0	0	0	0	0	0	0	0	0	0	0	0	0	1	0	0	0	0
hsa-miR-6750-3p	1	1	2	3	1	0	2	3	4	0	0	2	1	0	1	0	2	2
hsa-miR-6750-5p	2	1	0	5	3	1	1	3	1	1	1	1	2	3	1	1	3	0
hsa-miR-6751-3p	0	0	0	0	0	1	0	1	0	0	0	0	0	0	0	0	0	0
hsa-miR-6751-5p	1	0	0	0	0	0	1	0	1	0	1	0	2	4	0	1	5	2
hsa-miR-6752-3p	1	0	1	0	0	0	0	0	0	0	0	0	0	0	1	1	0	0
hsa-miR-6752-5p	0	0	0	0	0	0	0	0	0	0	0	1	0	0	0	0	0	0
hsa-miR-6753-3p	0	0	0	0	1	0	0	0	0	0	0	0	1	0	0	1	0	0
hsa-miR-6753-5p	0	0	1	1	0	0	0	0	0	0	0	0	1	0	0	0	0	0
hsa-miR-6754-3p	0	0	1	0	0	0	0	0	0	0	0	0	0	0	0	0	0	0
hsa-miR-6754-5p	0	0	1	2	1	1	0	1	0	0	0	0	0	4	0	0	1	0
hsa-miR-6755-3p	0	0	0	0	1	0	0	1	0	0	0	0	0	0	0	0	0	0
hsa-miR-6755-5p	0	0	0	0	0	0	0	0	2	0	0	0	0	0	0	0	0	0
hsa-miR-6756-3p	1	1	0	2	1	3	0	2	1	0	1	0	2	1	1	0	2	1
hsa-miR-6756-5p	0	0	0	0	0	0	0	0	0	0	0	0	0	0	0	0	0	1
hsa-miR-6757-3p	0	0	0	0	0	0	0	0	0	0	0	0	0	0	0	0	2	0
hsa-miR-6757-5p	0	0	0	0	0	0	1	0	0	0	0	0	0	0	0	0	0	0
hsa-miR-6758-3p	0	3	1	1	1	4	0	2	1	1	1	0	1	2	0	2	3	0
hsa-miR-6758-5p	1	1	2	1	2	0	1	1	2	0	0	1	1	2	1	0	0	0
hsa-miR-6759-5p	0	0	0	1	0	0	0	0	0	0	0	0	1	0	1	0	0	0
hsa-miR-676-3p	10	9	11	21	13	4	9	12	11	12	8	9	19	21	13	4	23	14
hsa-miR-676-5p	0	1	0	0	0	0	1	0	1	0	0	0	0	1	0	1	1	1
hsa-miR-6760-3p	0	1	0	0	1	0	0	0	0	0	0	0	0	0	0	0	0	0
hsa-miR-6761-3p	2	0	0	1	0	1	1	1	2	0	0	0	0	3	0	0	2	0
hsa-miR-6762-3p	0	1	0	0	0	1	1	0	1	0	3	0	3	0	0	1	3	0
hsa-miR-6762-5p	0	0	0	0	0	1	0	0	0	1	0	0	0	0	1	0	0	0
hsa-miR-6763-3p	0	0	0	1	1	0	1	0	1	0	0	2	5	0	0	1	0	2
hsa-miR-6763-5p	7	5	3	4	3	0	3	5	2	3	4	2	6	6	1	2	4	2
hsa-miR-6764-3p	0	0	0	0	0	0	1	0	0	0	0	0	0	0	0	0	0	0
hsa-miR-6764-5p	1	0	0	1	4	0	0	0	0	0	2	0	1	0	1	1	2	1
hsa-miR-6765-3p	1	1	3	1	1	2	1	3	2	2	2	1	2	3	2	0	3	3
hsa-miR-6765-5p	1	1	1	2	0	0	1	0	0	0	1	0	0	0	1	1	0	0
hsa-miR-6766-3p	0	0	0	1	0	0	0	0	0	2	1	0	0	0	0	0	0	0
hsa-miR-6767-3p	1	0	0	1	0	0	0	0	3	0	0	2	0	1	0	0	0	1
hsa-miR-6767-5p	0	0	0	0	0	0	0	2	0	1	0	0	0	2	0	0	0	1
hsa-miR-6768-3p	0	0	0	0	0	1	0	1	0	0	1	1	0	0	0	0	0	0
hsa-miR-6768-5p	4	0	1	0	0	1	4	4	0	2	0	1	2	0	2	0	2	1
hsa-miR-6769a-3p	0	0	0	0	0	0	0	1	0	0	0	0	0	0	0	0	0	0
hsa-miR-6769a-5p	0	0	0	0	1	0	0	0	1	0	0	0	0	0	0	0	0	0
hsa-miR-6769b-3p	0	2	3	1	1	2	2	0	0	1	0	0	2	2	1	0	2	1
hsa-miR-6770-3p	0	0	0	0	0	0	0	0	3	0	0	0	0	0	0	0	0	0
hsa-miR-6771-3p	0	0	0	0	0	0	0	0	0	0	0	3	0	0	0	0	0	0
hsa-miR-6771-5p	2	0	0	2	0	0	0	0	0	0	0	0	0	1	0	4	0	0
hsa-miR-6773-5p	0	0	0	0	0	0	0	0	0	0	0	0	1	0	0	0	0	0
hsa-miR-6775-3p	1	1	1	0	0	0	1	1	0	0	2	0	1	1	0	0	1	1
hsa-miR-6775-5p	0	0	0	0	0	0	0	0	0	1	0	2	0	0	0	0	0	0
hsa-miR-6776-3p	3	9	1	6	3	3	8	6	5	2	2	2	2	3	4	3	6	8
hsa-miR-6776-5p	0	0	0	1	0	1	0	1	0	0	1	1	0	2	1	0	0	0
hsa-miR-6777-3p	1	2	0	1	0	1	1	0	0	0	0	0	1	1	3	0	0	2
hsa-miR-6777-5p	5	3	3	2	6	2	1	4	0	0	2	2	7	5	3	1	4	1
hsa-miR-6778-3p	0	0	1	0	1	0	0	0	0	0	2	0	1	0	2	1	1	0
hsa-miR-6778-5p	0	0	0	0	0	0	0	0	0	1	1	0	0	0	0	0	0	0
hsa-miR-6779-3p	1	4	3	4	0	0	0	2	0	1	1	0	4	7	3	1	0	3
hsa-miR-6779-5p	6	7	2	12	1	8	3	10	5	4	5	6	10	4	2	6	3	3
hsa-miR-6780a-3p	1	0	1	0	0	0	2	1	0	0	0	0	1	2	0	1	1	1
hsa-miR-6780a-5p	2	2	0	1	0	1	0	2	1	1	0	1	0	1	0	0	1	3
hsa-miR-6780b-3p	3	4	0	1	3	2	2	1	3	0	3	3	4	3	2	3	2	2
hsa-miR-6780b-5p	4	2	1	2	0	0	0	1	2	0	1	2	0	0	1	0	5	1
hsa-miR-6781-3p	1	0	0	0	0	2	0	0	0	0	0	0	0	2	0	1	0	0
hsa-miR-6781-5p	1	0	0	1	0	1	0	0	0	0	0	0	0	2	1	1	1	2
hsa-miR-6782-3p	4	3	1	1	0	0	4	3	0	0	3	1	1	3	0	4	7	3
hsa-miR-6782-5p	0	0	0	0	0	1	0	0	0	0	0	0	0	0	0	0	1	0
hsa-miR-6783-3p	0	0	0	0	0	0	0	2	0	0	0	1	2	0	0	0	0	0
hsa-miR-6783-5p	0	0	0	0	0	0	0	0	0	0	0	1	1	1	2	0	0	1
hsa-miR-6784-3p	3	1	0	3	0	0	3	0	1	1	3	1	0	3	2	0	4	0
hsa-miR-6784-5p	0	0	0	0	0	0	0	0	0	0	0	0	0	1	0	0	0	0
hsa-miR-6785-3p	0	0	0	1	1	1	0	1	1	2	1	0	0	0	1	1	2	0
hsa-miR-6785-5p	0	2	0	3	0	0	3	0	1	2	0	2	2	1	0	0	0	2
hsa-miR-6786-3p	2	8	4	3	0	2	3	3	0	1	1	1	5	11	0	0	6	2
hsa-miR-6786-5p	0	0	0	0	0	1	0	1	0	1	0	0	0	0	0	0	0	0
hsa-miR-6787-3p	0	0	0	0	0	0	0	1	0	1	0	0	0	0	0	0	1	0
hsa-miR-6788-5p	0	0	1	0	0	0	0	0	0	0	0	0	0	0	0	0	0	0
hsa-miR-6789-3p	2	2	1	3	5	1	5	3	1	1	3	4	3	3	1	8	5	6
hsa-miR-6789-5p	1	0	0	1	1	0	0	2	1	0	1	0	1	4	0	1	2	0
hsa-miR-6790-5p	0	0	0	0	0	0	0	0	0	0	0	0	0	0	0	0	0	1
hsa-miR-6791-3p	0	0	0	0	0	0	0	0	0	0	0	0	1	0	0	0	0	0
hsa-miR-6791-5p	0	0	0	1	0	0	0	1	0	1	0	0	0	0	0	0	0	1
hsa-miR-6792-3p	4	3	2	4	3	2	1	1	3	4	1	4	6	1	3	5	6	6
hsa-miR-6792-5p	0	0	0	0	0	0	0	0	0	0	2	1	2	0	0	0	2	0
hsa-miR-6793-3p	2	1	0	1	1	0	0	3	0	0	0	0	3	0	0	0	5	0
hsa-miR-6793-5p	0	3	0	3	0	1	1	0	0	2	0	1	0	1	1	1	2	0
hsa-miR-6794-3p	0	1	0	0	0	0	0	0	0	1	1	0	2	3	0	1	2	1
hsa-miR-6794-5p	0	0	3	3	0	1	0	1	0	0	0	0	0	1	0	1	1	1
hsa-miR-6795-3p	4	2	1	1	3	0	0	0	1	0	1	0	3	2	0	1	3	2
hsa-miR-6795-5p	1	0	0	0	1	0	0	0	0	0	1	1	1	3	1	0	2	1
hsa-miR-6797-3p	2	5	1	3	2	0	4	3	4	0	2	2	3	8	5	3	11	5
hsa-miR-6797-5p	0	1	0	2	3	0	0	1	1	2	1	1	5	0	0	1	2	1
hsa-miR-6798-5p	1	0	0	1	0	1	0	1	0	0	2	0	1	1	0	0	0	0
hsa-miR-6799-3p	3	8	4	2	3	4	2	6	2	4	2	6	10	5	1	3	5	4
hsa-miR-6799-5p	0	0	0	0	0	1	0	3	0	0	0	1	0	1	1	0	2	0
hsa-miR-6800-3p	18	12	11	19	10	7	7	12	7	14	7	4	11	16	4	10	10	8
hsa-miR-6800-5p	0	0	0	2	0	0	0	0	0	0	0	0	0	0	0	0	1	0
hsa-miR-6801-3p	2	0	1	0	0	0	0	4	0	1	1	0	2	0	2	0	3	0
hsa-miR-6801-5p	0	1	2	1	0	1	2	0	0	0	2	0	6	1	0	1	5	0
hsa-miR-6802-3p	2	6	6	7	1	1	8	4	2	5	3	0	7	8	2	1	12	4
hsa-miR-6802-5p	0	1	0	0	1	0	0	0	1	0	0	1	1	0	0	0	0	0
hsa-miR-6803-3p	9	8	4	9	3	5	4	11	2	1	3	0	7	5	4	3	8	7
hsa-miR-6803-5p	1	0	0	0	1	0	0	0	0	0	0	0	0	1	0	0	0	0
hsa-miR-6804-3p	0	2	0	2	0	0	0	0	1	0	0	0	1	1	0	1	3	0
hsa-miR-6804-5p	3	2	3	3	0	2	2	2	3	1	2	2	1	3	1	2	6	3
hsa-miR-6805-5p	3	1	3	3	1	0	4	1	2	0	3	1	0	5	0	1	4	1
hsa-miR-6806-3p	1	0	1	0	0	0	0	1	0	0	0	0	0	0	0	0	0	0
hsa-miR-6807-3p	6	8	3	10	3	1	4	9	4	4	7	3	13	4	6	4	8	8
hsa-miR-6807-5p	12	5	4	8	9	6	5	4	9	7	8	9	6	9	3	3	6	4
hsa-miR-6808-3p	0	1	0	0	0	0	0	0	0	0	0	0	0	0	0	0	0	0
hsa-miR-6808-5p	0	0	0	0	0	0	0	0	0	0	0	0	0	0	0	0	0	1
hsa-miR-6810-3p	4	0	2	3	2	2	1	2	0	4	1	1	5	10	2	3	6	2
hsa-miR-6810-5p	0	1	1	1	1	3	0	0	1	0	2	1	0	0	0	0	0	1
hsa-miR-6812-3p	3	0	0	2	1	1	1	5	2	2	1	1	1	1	1	3	2	2
hsa-miR-6812-5p	1	0	0	1	1	2	0	2	2	1	0	1	0	0	0	1	2	0
hsa-miR-6813-3p	0	0	0	0	0	0	0	0	0	1	0	0	0	1	0	0	0	1
hsa-miR-6813-5p	0	0	1	2	0	1	1	0	0	0	2	0	0	0	0	0	1	1
hsa-miR-6814-3p	1	3	1	4	2	1	0	0	2	1	4	1	2	0	1	1	4	0
hsa-miR-6814-5p	4	2	0	3	0	0	1	2	2	0	6	3	3	2	2	1	7	1
hsa-miR-6815-5p	0	0	0	1	0	0	0	1	0	0	2	0	0	0	0	1	0	0
hsa-miR-6816-3p	1	0	0	1	0	0	2	3	0	0	0	0	2	0	3	1	0	2
hsa-miR-6816-5p	0	0	0	0	0	1	0	0	0	0	0	0	1	0	0	0	0	0
hsa-miR-6817-3p	0	0	0	0	1	0	0	1	0	0	0	0	0	1	0	0	0	0
hsa-miR-6817-5p	0	0	1	0	0	0	0	0	0	0	0	0	0	0	0	0	0	0
hsa-miR-6818-3p	0	1	1	0	2	0	0	0	0	0	0	0	0	0	2	1	4	0
hsa-miR-6819-3p	0	0	0	0	1	0	0	0	1	0	0	0	0	0	1	0	2	0
hsa-miR-6819-5p	0	1	0	1	0	1	0	1	0	0	0	0	2	2	0	0	2	0
hsa-miR-6820-3p	1	2	0	0	0	0	0	0	1	0	1	1	0	2	0	0	0	1
hsa-miR-6820-5p	1	1	0	1	1	1	0	1	0	0	0	0	2	1	0	0	2	1
hsa-miR-6821-3p	0	0	0	0	1	1	1	2	0	0	1	0	0	1	1	0	2	1
hsa-miR-6821-5p	1	0	0	0	0	1	0	0	0	1	2	0	0	1	0	1	1	0
hsa-miR-6822-5p	1	1	0	0	0	0	0	0	0	0	1	0	0	0	0	0	0	1
hsa-miR-6824-3p	0	0	0	0	0	0	0	0	0	0	0	0	0	1	0	0	0	0
hsa-miR-6824-5p	0	0	1	0	0	0	0	0	0	0	0	0	0	0	0	0	0	0
hsa-miR-6825-3p	1	5	1	2	0	1	2	0	0	0	2	0	0	2	2	0	0	1
hsa-miR-6825-5p	5	2	2	5	0	0	0	2	1	2	2	3	8	8	0	0	7	2
hsa-miR-6826-3p	7	6	2	6	1	1	2	4	2	5	5	2	6	6	0	5	7	2
hsa-miR-6826-5p	2	5	3	4	2	3	2	1	0	2	1	2	2	1	1	2	0	0
hsa-miR-6827-3p	1	2	0	1	1	0	0	2	0	0	0	0	0	1	0	0	2	2
hsa-miR-6827-5p	0	0	0	0	0	1	0	0	0	0	0	0	0	0	0	0	0	0
hsa-miR-6829-3p	0	0	0	0	0	0	0	0	0	0	0	0	0	0	0	0	0	1
hsa-miR-6830-3p	0	0	0	1	0	0	0	0	0	0	0	0	0	0	0	0	0	2
hsa-miR-6830-5p	0	0	0	0	0	0	0	0	0	0	0	0	0	0	1	0	0	0
hsa-miR-6831-3p	0	0	0	0	0	0	0	0	0	0	0	0	0	1	0	0	0	0
hsa-miR-6831-5p	1	5	1	0	0	1	1	2	1	0	0	1	1	0	0	1	7	4
hsa-miR-6832-3p	4	5	2	5	3	3	2	2	0	3	0	4	6	3	1	0	3	3
hsa-miR-6832-5p	4	3	4	2	2	0	2	5	0	1	2	1	1	3	0	1	0	0
hsa-miR-6833-5p	0	0	0	0	0	0	0	1	0	0	0	0	0	0	0	0	0	0
hsa-miR-6834-3p	1	0	0	1	0	0	5	0	0	1	1	0	1	4	0	2	2	1
hsa-miR-6834-5p	2	2	0	0	1	1	2	5	1	0	5	3	3	3	0	3	3	2
hsa-miR-6835-3p	0	0	0	0	0	0	0	1	0	0	0	0	0	1	0	0	0	0
hsa-miR-6835-5p	0	0	0	0	0	0	0	0	0	0	1	0	0	0	0	0	0	1
hsa-miR-6836-3p	0	0	0	1	0	0	0	0	0	0	0	0	0	0	0	0	0	0
hsa-miR-6836-5p	1	0	0	1	0	0	0	0	0	0	0	0	0	0	0	0	0	0
hsa-miR-6837-3p	2	0	0	0	1	0	1	0	0	0	0	1	1	0	0	0	1	1
hsa-miR-6837-5p	0	2	1	0	0	0	0	0	0	1	0	0	0	0	0	0	0	0
hsa-miR-6838-3p	0	0	0	0	0	0	0	0	0	0	0	0	0	0	0	0	1	0
hsa-miR-6838-5p	0	0	0	0	0	0	0	0	0	0	0	1	0	1	0	0	0	0
hsa-miR-6840-3p	0	0	0	0	0	0	0	0	0	0	0	1	0	0	0	0	0	0
hsa-miR-6840-5p	0	1	0	0	0	0	0	0	0	0	0	0	0	1	1	0	1	0
hsa-miR-6843-3p	0	0	0	0	0	0	0	0	0	0	0	0	0	0	0	0	1	0
hsa-miR-6844	1	0	0	1	0	0	0	0	1	0	0	1	0	2	0	0	0	0
hsa-miR-6845-3p	3	1	1	6	5	2	1	2	0	0	2	2	3	3	2	1	3	0
hsa-miR-6845-5p	0	1	0	1	0	1	0	0	1	0	0	1	1	0	0	0	1	0
hsa-miR-6846-3p	0	0	0	0	0	0	0	0	0	0	0	0	0	0	0	0	0	2
hsa-miR-6847-3p	0	1	1	1	0	0	0	0	0	4	2	0	0	0	0	0	0	0
hsa-miR-6847-5p	0	0	0	3	3	2	1	3	2	1	0	0	3	2	0	0	0	1
hsa-miR-6848-3p	0	0	0	0	0	0	0	0	0	0	0	0	0	0	0	1	0	0
hsa-miR-6848-5p	0	1	1	0	0	0	1	0	0	0	0	0	0	0	0	0	4	0
hsa-miR-6849-3p	0	1	1	1	0	0	0	0	0	0	0	0	1	0	0	0	1	0
hsa-miR-6849-5p	1	0	0	1	0	0	1	0	0	0	0	0	0	0	0	0	0	1
hsa-miR-6850-3p	2	1	0	2	0	1	1	0	2	0	0	1	2	0	0	0	0	2
hsa-miR-6850-5p	2	5	5	4	0	0	1	0	0	0	1	0	3	4	1	0	1	1
hsa-miR-6851-3p	0	0	0	0	0	0	0	0	0	0	0	0	0	0	0	1	0	0
hsa-miR-6851-5p	1	1	1	1	0	1	0	0	1	0	1	0	2	1	2	0	0	1
hsa-miR-6852-5p	0	0	0	0	0	0	0	0	0	0	0	0	1	0	0	0	1	0
hsa-miR-6855-3p	0	0	1	1	0	0	0	1	0	0	0	0	0	1	0	0	0	0
hsa-miR-6855-5p	0	1	0	0	0	0	0	0	0	0	0	0	0	0	0	0	0	0
hsa-miR-6856-3p	0	0	0	0	0	0	0	0	0	0	0	1	0	0	0	0	0	0
hsa-miR-6857-3p	1	1	0	1	0	0	0	0	0	0	0	0	0	0	0	0	0	0
hsa-miR-6857-5p	0	2	0	0	0	0	0	0	1	0	0	0	0	0	0	0	0	0
hsa-miR-6858-3p	4	9	1	13	3	1	3	13	4	0	6	3	6	11	4	8	10	7
hsa-miR-6858-5p	4	3	5	7	3	1	3	7	5	0	2	4	0	6	4	3	6	4
hsa-miR-6859-3p	0	0	0	0	0	0	0	0	0	0	0	0	4	0	0	0	0	4
hsa-miR-6860	0	0	0	0	0	0	0	0	0	0	0	0	0	0	1	0	0	0
hsa-miR-6861-5p	0	0	0	0	0	0	0	1	0	0	1	0	0	0	0	0	0	0
hsa-miR-6862-3p	2	8	2	8	10	0	0	2	0	0	0	6	14	4	2	2	18	0
hsa-miR-6862-5p	2	2	2	4	6	2	2	2	2	0	2	4	2	2	0	0	2	6
hsa-miR-6864-5p	0	0	0	0	0	0	0	0	0	0	0	0	0	0	0	0	0	1
hsa-miR-6865-3p	0	1	0	1	1	0	0	0	0	0	0	0	0	0	1	0	0	0
hsa-miR-6865-5p	0	0	0	1	0	0	0	0	0	0	0	0	0	0	2	0	0	2
hsa-miR-6866-3p	2	0	2	1	1	0	0	2	0	0	0	0	0	2	1	0	0	0
hsa-miR-6867-3p	0	0	0	1	0	0	0	0	0	1	0	0	0	0	1	1	1	0
hsa-miR-6867-5p	1	0	0	0	0	0	0	0	0	0	0	0	0	0	0	0	1	0
hsa-miR-6869-5p	0	0	1	0	0	0	0	2	0	0	1	0	0	2	0	0	1	0
hsa-miR-6870-3p	8	7	5	9	6	6	4	8	4	2	10	9	3	12	1	7	2	1
hsa-miR-6870-5p	0	0	0	1	0	1	0	3	0	0	2	0	0	0	0	1	2	0
hsa-miR-6871-3p	1	2	1	0	0	0	0	1	1	1	0	0	1	0	0	0	0	1
hsa-miR-6871-5p	1	4	1	2	0	0	1	4	1	0	1	0	2	2	2	1	0	3
hsa-miR-6872-5p	0	2	0	0	0	0	0	1	0	0	0	0	0	0	0	0	0	0
hsa-miR-6873-5p	1	2	1	0	1	0	1	1	0	0	0	0	1	1	0	1	1	0
hsa-miR-6875-3p	0	0	1	0	0	0	0	0	0	1	0	0	0	0	0	0	0	2
hsa-miR-6875-5p	1	2	1	0	0	0	0	1	1	1	1	0	1	3	1	0	1	2
hsa-miR-6876-3p	0	1	0	2	0	0	1	0	0	0	0	0	0	0	0	0	1	0
hsa-miR-6876-5p	8	5	2	9	2	5	6	11	1	8	5	6	6	9	2	5	12	6
hsa-miR-6877-3p	0	0	0	0	0	0	0	0	0	0	0	0	0	1	0	0	0	1
hsa-miR-6877-5p	6	1	3	3	3	0	0	5	1	0	2	4	4	3	1	2	1	0
hsa-miR-6878-3p	3	0	0	0	0	0	1	0	0	0	0	0	2	0	1	0	0	1
hsa-miR-6878-5p	0	0	0	0	0	0	0	0	0	0	1	0	0	0	0	0	0	0
hsa-miR-6879-3p	1	4	0	5	0	2	1	3	2	0	0	0	3	0	1	0	2	1
hsa-miR-6879-5p	0	1	0	0	0	0	0	0	0	0	0	0	0	0	0	0	0	0
hsa-miR-6880-3p	1	1	0	0	0	0	1	1	0	3	0	0	1	4	0	1	0	1
hsa-miR-6880-5p	0	0	0	2	0	0	0	0	0	0	1	1	0	2	0	1	0	0
hsa-miR-6881-3p	49	42	14	36	29	15	36	32	17	14	18	21	23	37	22	13	57	18
hsa-miR-6881-5p	7	12	5	4	6	2	5	2	4	2	3	0	5	7	2	5	11	3
hsa-miR-6882-5p	0	0	0	0	2	0	0	0	0	0	2	0	0	0	0	0	0	0
hsa-miR-6883-3p	0	1	0	1	0	0	0	0	0	0	0	0	0	1	0	0	0	0
hsa-miR-6884-3p	33	25	16	42	16	8	18	15	5	14	17	13	30	28	14	9	40	17
hsa-miR-6884-5p	3	3	2	0	1	0	1	6	0	2	3	3	3	1	1	0	3	1
hsa-miR-6885-3p	1	5	1	4	1	2	0	0	0	3	3	0	2	4	2	3	5	0
hsa-miR-6885-5p	3	1	1	4	1	0	2	0	1	1	3	2	2	4	2	1	3	2
hsa-miR-6886-3p	10	14	1	11	6	3	11	16	6	5	6	7	8	8	3	6	16	6
hsa-miR-6886-5p	4	3	1	6	2	1	2	2	1	4	2	0	5	6	1	1	4	3
hsa-miR-6887-3p	3	0	0	1	1	1	3	1	2	2	1	2	0	5	3	1	1	0
hsa-miR-6887-5p	0	2	2	0	1	1	0	0	0	0	0	0	0	0	0	0	1	0
hsa-miR-6888-3p	0	0	0	0	0	0	0	0	0	0	0	0	0	0	0	1	0	0
hsa-miR-6889-3p	0	0	0	1	1	0	0	0	0	0	0	0	1	0	0	1	1	1
hsa-miR-6889-5p	0	1	0	0	0	0	0	0	1	1	0	0	0	0	0	0	1	0
hsa-miR-6890-3p	0	0	0	0	1	0	0	0	0	0	0	0	0	1	0	0	0	0
hsa-miR-6890-5p	0	0	0	1	1	0	0	0	1	0	0	1	2	1	0	0	0	0
hsa-miR-6891-3p	0	2	0	1	3	3	1	0	4	2	2	4	1	1	0	0	1	1
hsa-miR-6891-5p	6	9	6	11	19	22	3	10	24	22	125	110	2	10	1	2	12	3
hsa-miR-6892-3p	1	0	1	0	0	0	0	0	0	0	0	0	1	0	0	0	2	0
hsa-miR-6892-5p	0	2	0	3	1	1	0	0	0	0	0	0	0	1	0	0	1	0
hsa-miR-6893-3p	0	3	0	4	0	1	0	1	2	0	0	2	2	0	0	0	1	1
hsa-miR-6893-5p	0	0	0	1	0	1	0	0	0	2	0	0	1	0	0	1	0	1
hsa-miR-6894-3p	2	1	0	1	1	1	1	0	1	2	0	1	1	0	0	0	2	0
hsa-miR-6894-5p	0	1	0	3	0	0	0	1	1	2	0	1	0	0	1	1	0	1
hsa-miR-6895-3p	0	0	0	0	0	0	0	0	0	0	0	0	0	0	1	0	1	0
hsa-miR-6895-5p	0	0	0	0	0	0	1	0	0	0	0	1	1	2	0	0	0	0
hsa-miR-7-1-3p	392	448	297	467	360	207	210	241	131	182	272	156	547	584	287	405	553	642
hsa-miR-7-2-3p	1	0	0	0	1	0	2	0	0	0	0	0	1	1	0	2	3	1
hsa-miR-7-5p	1860	1955	1130	3619	1974	531	1001	1490	1003	1433	1711	1522	6679	3648	1556	632	3118	4064
hsa-miR-7106-3p	1	1	0	0	0	0	1	0	0	0	0	0	4	1	0	0	0	1
hsa-miR-7106-5p	0	0	0	0	0	0	0	0	0	0	0	0	1	0	0	1	0	0
hsa-miR-7107-3p	0	0	0	0	0	0	0	1	0	0	0	0	0	0	0	0	0	0
hsa-miR-7108-3p	0	1	2	1	1	0	1	0	3	0	0	0	2	0	0	2	0	0
hsa-miR-7108-5p	1	0	0	0	0	0	0	1	1	0	0	2	0	0	0	0	0	0
hsa-miR-7109-3p	1	5	1	3	3	0	2	0	1	3	10	0	1	4	1	2	1	1
hsa-miR-7109-5p	1	0	0	0	0	0	0	0	0	0	1	0	0	0	0	0	0	0
hsa-miR-711	0	0	0	0	0	0	0	0	0	0	0	1	0	0	0	0	0	0
hsa-miR-7110-3p	3	4	0	3	1	0	3	0	0	1	1	0	2	1	1	2	3	1
hsa-miR-7110-5p	3	0	0	0	1	0	0	1	2	0	1	0	0	0	1	0	1	0
hsa-miR-7111-3p	9	9	7	6	8	6	9	7	4	6	8	5	9	7	9	5	6	3
hsa-miR-7111-5p	2	5	3	4	1	3	1	2	5	4	4	4	7	4	2	1	6	7
hsa-miR-7112-3p	10	13	11	5	5	3	7	11	6	5	12	4	11	15	3	5	11	4
hsa-miR-7113-3p	0	0	0	0	0	1	1	2	0	0	1	0	0	0	0	0	0	0
hsa-miR-7113-5p	1	3	1	0	3	0	0	0	0	1	0	0	1	5	2	2	1	2
hsa-miR-7114-3p	1	0	0	0	0	1	0	1	0	0	0	0	1	0	0	2	0	0
hsa-miR-7114-5p	0	0	0	3	3	0	0	1	0	0	0	0	0	2	1	0	2	0
hsa-miR-7155-3p	0	0	0	0	0	0	0	0	0	0	0	0	0	0	0	0	1	0
hsa-miR-718	0	0	0	0	0	0	0	0	0	0	0	0	0	0	0	0	0	1
hsa-miR-744-3p	2	2	1	2	0	2	2	1	1	1	3	1	5	5	1	1	2	6
hsa-miR-744-5p	294	431	226	444	244	145	253	419	206	163	225	226	424	349	142	198	458	268
hsa-miR-758-3p	0	1	1	0	1	0	3	1	1	0	1	1	1	1	0	1	1	0
hsa-miR-758-5p	1	0	0	0	0	0	2	0	0	0	0	0	0	0	0	0	0	0
hsa-miR-760	28	29	20	40	28	26	29	48	16	21	31	22	27	37	23	19	42	22
hsa-miR-762	0	0	1	0	0	1	0	0	1	1	0	1	0	0	0	0	2	0
hsa-miR-765	1	1	2	2	2	3	0	4	3	1	5	2	2	1	0	1	2	0
hsa-miR-766-3p	13	19	14	26	11	12	13	20	14	5	14	18	21	22	13	9	25	10
hsa-miR-766-5p	4	5	2	3	1	1	1	1	0	3	2	0	1	6	1	5	4	0
hsa-miR-769-3p	25	24	15	42	13	8	15	31	27	15	27	27	35	14	14	6	33	30
hsa-miR-769-5p	95	136	79	142	95	35	65	123	51	53	117	68	154	118	65	60	138	100
hsa-miR-7702	0	0	0	0	0	0	0	0	0	0	0	0	0	1	0	0	0	0
hsa-miR-7704	0	6	3	3	3	5	1	0	1	2	1	4	0	2	2	0	2	4
hsa-miR-7705	0	0	0	0	0	0	0	0	0	0	0	0	1	1	0	0	0	0
hsa-miR-7706	24	30	15	24	18	9	26	23	9	9	12	21	39	38	11	11	38	20
hsa-miR-7845-5p	0	0	0	1	0	0	2	3	0	0	0	0	0	1	0	2	2	1
hsa-miR-7847-3p	0	0	0	0	0	0	0	0	0	1	0	0	0	0	0	1	0	0
hsa-miR-7854-3p	2	1	2	0	1	0	0	0	1	0	0	1	1	1	0	2	2	3
hsa-miR-7974	0	1	0	1	1	1	0	0	1	0	1	1	0	1	1	1	3	2
hsa-miR-7976	3	2	0	6	3	1	3	2	3	0	2	1	12	4	0	1	4	13
hsa-miR-7977	1	1	3	1	0	1	0	1	1	0	1	0	0	0	0	0	0	0
hsa-miR-8072	7	10	4	18	7	5	9	9	5	11	7	6	6	8	0	4	11	6
hsa-miR-873-3p	9	17	7	13	7	6	9	20	5	8	6	6	23	17	7	6	14	8
hsa-miR-873-5p	9	25	13	25	15	9	10	9	12	8	13	23	22	22	3	9	22	11
hsa-miR-874-3p	215	263	173	419	139	69	177	271	173	115	159	129	335	242	115	174	298	236
hsa-miR-874-5p	17	19	8	19	9	4	10	19	13	9	15	9	10	12	7	12	15	13
hsa-miR-876-3p	38	48	24	59	25	15	16	43	20	19	28	23	87	52	19	33	52	60
hsa-miR-876-5p	1	1	1	4	2	2	1	1	0	4	1	3	2	2	2	2	0	5
hsa-miR-877-3p	24	28	15	40	23	16	13	27	12	15	17	17	17	37	12	18	21	16
hsa-miR-877-5p	1608	2025	1191	2666	1315	923	1386	2175	1255	1240	1548	1316	1980	2018	1037	1055	2611	1259
hsa-miR-885-5p	0	0	0	0	0	0	0	0	0	0	0	0	0	1	0	0	0	0
hsa-miR-887-3p	0	0	0	1	0	0	0	0	0	0	0	0	0	0	0	0	0	0
hsa-miR-889-3p	7	9	7	15	11	2	5	0	3	6	7	2	11	14	1	1	3	4
hsa-miR-891a-5p	1	0	0	0	0	0	0	0	0	0	0	0	0	0	0	0	0	0
hsa-miR-9-3p	15	30	18	21	21	0	15	9	12	12	9	6	87	27	6	24	36	57
hsa-miR-9-5p	33	12	24	48	27	9	6	15	18	6	24	18	184	48	3	12	69	66
hsa-miR-92a-1-5p	51	78	12	71	26	9	47	86	25	20	24	22	68	80	29	20	59	38
hsa-miR-92a-2-5p	1	0	0	2	1	0	3	2	1	1	9	0	3	0	1	0	5	0
hsa-miR-92a-3p	6702	9546	4955	9399	5373	2549	3934	6684	5210	3645	5855	4694	16682	8985	3593	3862	10869	8874
hsa-miR-92b-3p	219	241	144	270	125	89	133	192	136	100	131	119	331	280	116	137	336	227
hsa-miR-92b-5p	16	13	6	24	13	10	10	15	6	9	14	16	19	18	10	3	16	11
hsa-miR-93-3p	63	90	62	108	58	24	40	77	47	33	64	36	200	84	38	55	109	123
hsa-miR-93-5p	1318	2358	948	2775	1249	490	967	2097	1447	980	1459	1328	6454	1972	691	603	2630	2213
hsa-miR-933	1	0	0	0	0	0	0	1	0	0	0	0	0	0	1	0	1	2
hsa-miR-934	45	47	28	67	40	23	38	70	42	19	26	33	86	57	20	19	89	43
hsa-miR-935	13194	13241	8182	14638	8694	4336	7263	9252	5272	6171	8352	5467	10004	15168	6172	7508	13877	9745
hsa-miR-937-3p	33	46	16	45	33	21	23	36	19	23	31	30	52	34	29	14	37	29
hsa-miR-937-5p	1	1	0	0	2	2	1	1	0	0	2	6	0	1	0	0	3	1
hsa-miR-938	0	2	0	2	0	0	0	2	0	0	1	0	0	0	1	0	0	0
hsa-miR-939-3p	1	1	0	1	1	0	0	1	1	0	0	1	1	2	0	2	1	2
hsa-miR-939-5p	6	7	3	7	9	2	6	11	3	1	5	3	9	9	2	9	11	9
hsa-miR-940	66	93	53	111	66	37	55	98	59	55	41	18	85	83	41	65	90	67
hsa-miR-941	0	0	0	0	0	0	0	0	0	0	0	0	0	5	0	0	0	0
hsa-miR-942-3p	6	5	7	11	3	1	5	7	3	6	3	5	13	9	8	3	7	10
hsa-miR-942-5p	18	19	18	22	16	5	7	8	9	10	14	7	18	28	12	7	24	8
hsa-miR-943	0	0	0	1	0	0	1	0	1	0	2	0	1	1	1	0	0	1
hsa-miR-944	0	0	1	1	0	0	0	0	1	0	1	2	1	1	1	0	0	0
hsa-miR-95-3p	1	2	0	1	1	0	0	0	0	0	1	2	2	1	1	0	2	4
hsa-miR-96-3p	0	4	1	5	3	1	2	6	4	2	2	1	18	7	2	2	10	15
hsa-miR-96-5p	2	12	1	17	3	2	4	10	3	4	5	4	15	4	1	1	13	8
hsa-miR-98-3p	1233	1417	782	1535	915	358	658	683	369	698	608	327	932	1563	517	739	1133	886
hsa-miR-98-5p	8575	11815	6097	13702	6174	3732	5949	9307	4513	5388	5875	5388	15854	13169	3861	4081	12155	10588
hsa-miR-9898	38	27	12	42	16	8	18	23	11	11	21	14	19	31	15	18	51	17
hsa-miR-9899	2	3	0	2	2	0	3	1	0	1	1	1	0	3	0	3	1	1
hsa-miR-9902	4	2	0	2	0	0	0	0	2	2	0	0	4	2	0	0	4	0
hsa-miR-9903	1	1	0	2	0	0	0	1	0	0	0	0	2	0	0	0	0	0
hsa-miR-9983-3p	0	0	0	0	0	0	1	0	0	0	0	0	0	0	0	0	0	0
hsa-miR-9985	0	1	0	1	0	0	0	0	1	0	0	0	0	0	0	1	0	1
hsa-miR-9986	0	0	1	0	0	0	0	1	0	0	0	0	0	0	0	0	0	0
hsa-miR-99a-3p	0	1	0	1	1	0	0	4	1	0	0	2	0	0	2	3	1	1
hsa-miR-99a-5p	0	4	2	2	0	1	1	3	2	1	0	2	7	1	0	1	3	3
hsa-miR-99b-3p	280	507	221	506	247	128	230	475	268	206	277	216	464	351	142	146	535	321
hsa-miR-99b-5p	2934	3572	2005	3976	1866	1277	1838	3069	2077	1525	2244	1753	5843	3743	1490	1615	3939	3038
